time,latitude,longitude,altitude,osm_way_id,matched_latitude,matched_longitude,matched_distance,matched_type
2023-01-30 01:12:42,40.7597793,-73.9613141,28.067,198595507,40.759863,-73.961253,10.574142,True
2023-01-30 01:12:43,40.7597943,-73.9613414,27.37,198595507,40.759875,-73.961283,10.208743,False
2023-01-30 01:12:44,40.7600175,-73.9617131,11.507,198595507,40.760044,-73.961693,3.390919,True
2023-01-30 01:12:45,40.7600863,-73.961848,9.072,539018144,40.760103,-73.961835,2.102248,True
2023-01-30 01:12:46,40.7601817,-73.9620489,2.693,539018144,40.76019,-73.962041,1.178163,True
2023-01-30 01:12:47,40.7602727,-73.9622349,-1.286,539018144,40.760273,-73.962234,0.06516,True
2023-01-30 01:12:48,40.7603577,-73.96239469999999,-3.471,539018144,40.760345,-73.962403,1.547734,True
2023-01-30 01:12:49,40.7604254,-73.9625429,-5.957,539018144,40.760409,-73.962554,1.971635,True
2023-01-30 01:12:50,40.7604981,-73.96269509999999,-7.453,539018144,40.760476,-73.962711,2.712544,True
2023-01-30 01:12:51,40.7605658,-73.9628462,-5.252,539018144,40.760542,-73.962863,3.017151,True
2023-01-30 01:12:52,40.760631,-73.9629779,-4.0680000000000005,539018144,40.7606,-73.963,3.879013,True
2023-01-30 01:12:53,40.7606765,-73.96308479999999,-3.269,1049828457,40.760647,-73.963112,3.888299,True
2023-01-30 01:12:54,40.7607127,-73.96317719999999,-2.574,1049828457,40.760688,-73.963197,3.120557,False
2023-01-30 01:12:55,40.7607397,-73.9632549,-2.141,1049828457,40.760723,-73.963268,2.159698,True
2023-01-30 01:12:56,40.7607626,-73.9633204,-1.203,1049828457,40.760752,-73.963329,1.362725,False
2023-01-30 01:12:57,40.7607814,-73.9633722,-0.461,1049828457,40.760775,-73.963377,0.796872,True
2023-01-30 01:12:58,40.7607925,-73.96340359999999,0.419,1049828457,40.760789,-73.963406,0.426205,False
2023-01-30 01:12:59,40.7607968,-73.9634195,1.156,1049828457,40.760795,-73.96342,0.115158,False
2023-01-30 01:13:00,40.7607964,-73.9634263,2.6710000000000003,1049828457,40.760798,-73.963424,0.226987,False
2023-01-30 01:13:01,40.7608011,-73.9634368,4.684,1049828457,40.760803,-73.963435,0.258637,False
2023-01-30 01:13:02,40.7608031,-73.9634406,5.654,1049828457,40.760804,-73.963439,0.242161,False
2023-01-30 01:13:03,40.7608066,-73.9634457,6.452,1049828457,40.760807,-73.963444,0.143854,False
2023-01-30 01:13:04,40.7608101,-73.96344909999999,7.372,1049828457,40.760809,-73.963449,0.030648,False
2023-01-30 01:13:05,40.7608174,-73.9634544,8.686,1049828457,40.760813,-73.963457,0.474908,False
2023-01-30 01:13:06,40.7608243,-73.96345939999999,9.963,1049828457,40.760817,-73.963465,0.895254,False
2023-01-30 01:13:07,40.7608293,-73.96346319999999,10.867,1049828457,40.76082,-73.96347,1.191927,False
2023-01-30 01:13:08,40.760832,-73.96346679999999,11.448,1049828457,40.760822,-73.963474,1.282747,False
2023-01-30 01:13:09,40.7608322,-73.9634674,11.896,1049828457,40.760822,-73.963475,1.274534,False
2023-01-30 01:13:10,40.7608302,-73.96346919999999,12.192,1049828457,40.760822,-73.963475,1.007057,False
2023-01-30 01:13:11,40.7608272,-73.96347,12.408,1049828457,40.760822,-73.963475,0.701504,False
2023-01-30 01:13:12,40.7608249,-73.9634705,12.455,1049828457,40.760822,-73.963475,0.505018,False
2023-01-30 01:13:13,40.7608225,-73.9634707,12.534,1049828457,40.760822,-73.963475,0.41335,False
2023-01-30 01:13:14,40.7608211,-73.9634698,12.53,1049828457,40.760822,-73.963475,0.512856,False
2023-01-30 01:13:15,40.7608199,-73.963467,12.812,1049828457,40.760822,-73.963475,0.778508,False
2023-01-30 01:13:16,40.7608172,-73.96346489999999,13.059,1049828457,40.760822,-73.963475,1.073571,False
2023-01-30 01:13:17,40.7608166,-73.9634689,13.178,1049828457,40.760822,-73.963475,0.862926,False
2023-01-30 01:13:18,40.7608209,-73.9634815,13.146,166030812,40.760827,-73.963484,0.735399,True
2023-01-30 01:13:19,40.7608287,-73.9635035,12.921,166030812,40.760833,-73.9635,0.586217,False
2023-01-30 01:13:20,40.7608391,-73.9635316,12.791,166030812,40.760844,-73.963527,0.720468,False
2023-01-30 01:13:21,40.7608479,-73.9635624,12.696,166030812,40.760856,-73.963555,1.119029,False
2023-01-30 01:13:22,40.7608627,-73.9635985,12.786,166030812,40.760871,-73.963591,1.152301,True
2023-01-30 01:13:23,40.7608756,-73.96363319999999,12.789,166030812,40.760885,-73.963625,1.312541,False
2023-01-30 01:13:24,40.7608875,-73.9636677,12.718,166030812,40.760899,-73.963658,1.56139,False
2023-01-30 01:13:25,40.760901,-73.9637107,12.883,166030812,40.760916,-73.963699,2.000373,True
2023-01-30 01:13:26,40.7609105,-73.9637576,12.968,166030812,40.760934,-73.96374,2.984494,False
2023-01-30 01:13:27,40.7609163,-73.9638063,12.894,166030812,40.760951,-73.96378,4.399528,False
2023-01-30 01:13:28,40.7609165,-73.96385959999999,12.811,166030812,40.760968,-73.963821,6.542859,True
2023-01-30 01:13:29,40.760897,-73.9639124,12.656,166030812,40.76098,-73.963851,10.571352,False
2023-01-30 01:13:30,40.7608736,-73.9639656,12.607,198595548,40.760938,-73.964117,14.632857,True
2023-01-30 01:13:31,40.7608424,-73.9640101,12.401,198595548,40.7609,-73.964146,13.096393,False
2023-01-30 01:13:32,40.7608092,-73.9640476,12.167,198595548,40.760863,-73.964174,12.178885,False
2023-01-30 01:13:33,40.7607747,-73.9640798,11.861,198595548,40.760827,-73.964201,11.718313,True
2023-01-30 01:13:34,40.7607444,-73.9641039,11.565,198595548,40.760796,-73.964224,11.618192,False
2023-01-30 01:13:35,40.7607199,-73.9641225,11.372,198595548,40.760771,-73.964242,11.601811,False
2023-01-30 01:13:36,40.7607065,-73.9641367,10.837,198595548,40.760759,-73.964252,11.304362,False
2023-01-30 01:13:37,40.7606992,-73.9641388,10.639,198595548,40.760759,-73.964252,11.599215,False
2023-01-30 01:13:38,40.7607012,-73.9641386,10.521,198595548,40.760759,-73.964252,11.48727,False
2023-01-30 01:13:39,40.760703,-73.9641393,10.272,198595548,40.760759,-73.964252,11.327747,False
2023-01-30 01:13:40,40.7607048,-73.9641402,10.05,198595548,40.760759,-73.964252,11.155727,False
2023-01-30 01:13:41,40.7607061,-73.9641412,9.908,198595548,40.760759,-73.964252,11.007636,False
2023-01-30 01:13:42,40.7607073,-73.9641419,9.844,198595548,40.760759,-73.964252,10.887235,False
2023-01-30 01:13:43,40.7607082,-73.9641431,9.824,198595548,40.760759,-73.964252,10.749293,False
2023-01-30 01:13:44,40.7607101,-73.96414419999999,9.712,198595548,40.760759,-73.964252,10.560896,False
2023-01-30 01:13:45,40.7607115,-73.96414539999999,9.674,198595548,40.760759,-73.964252,10.395081,False
2023-01-30 01:13:46,40.7607125,-73.9641463,9.527,198595548,40.760759,-73.964252,10.273938,False
2023-01-30 01:13:47,40.7607138,-73.9641474,9.429,198595548,40.760759,-73.964252,10.122006,False
2023-01-30 01:13:48,40.760715,-73.9641491,9.424,198595548,40.760759,-73.964252,9.932474,False
2023-01-30 01:13:49,40.7607154,-73.964151,9.592,198595548,40.760759,-73.964252,9.772452,False
2023-01-30 01:13:50,40.7607155,-73.9641534,9.785,198595548,40.760759,-73.964252,9.593243,False
2023-01-30 01:13:51,40.7607162,-73.9641556,9.91,198595548,40.760759,-73.964252,9.395255,False
2023-01-30 01:13:52,40.760718,-73.9641575,9.937,198595548,40.760759,-73.964252,9.157301,False
2023-01-30 01:13:53,40.7607196,-73.964159,9.853,198595548,40.760759,-73.964252,8.960324,False
2023-01-30 01:13:54,40.760722,-73.9641599,9.681,198595548,40.760759,-73.964252,8.766056,False
2023-01-30 01:13:55,40.7607255,-73.9641707,9.918,198595548,40.760759,-73.964252,7.78667,False
2023-01-30 01:13:56,40.7607288,-73.9641812,10.153,198595548,40.760759,-73.964252,6.841343,False
2023-01-30 01:13:57,40.7607331,-73.9641906,10.364,198595548,40.760759,-73.964252,5.921965,True
2023-01-30 01:13:58,40.7607353,-73.9641992,10.934,198595548,40.760758,-73.964252,5.175575,False
2023-01-30 01:13:59,40.7607355,-73.9642073,12.002,198595548,40.760755,-73.964254,4.574822,False
2023-01-30 01:14:00,40.7607354,-73.9642144,13.334,198595548,40.760753,-73.964256,4.063272,False
2023-01-30 01:14:01,40.7607355,-73.96421889999999,14.93,198595548,40.760752,-73.964257,3.730128,False
2023-01-30 01:14:02,40.7607378,-73.9642211,16.184,198595548,40.760752,-73.964257,3.446772,False
2023-01-30 01:14:03,40.7607406,-73.9642223,17.197,198595548,40.760752,-73.964257,3.223036,False
2023-01-30 01:14:04,40.7607439,-73.96422419999999,17.761,198595548,40.760752,-73.964257,2.944797,False
2023-01-30 01:14:05,40.7607416,-73.96423,18.375,198595548,40.760752,-73.964257,2.591824,False
2023-01-30 01:14:06,40.7607254,-73.964243,18.309,198595548,40.760736,-73.964269,2.526802,False
2023-01-30 01:14:07,40.7606938,-73.9642683,18.043,198595548,40.760704,-73.964293,2.410293,False
2023-01-30 01:14:08,40.7606518,-73.9643025,17.354,198595548,40.760661,-73.964325,2.213684,True
2023-01-30 01:14:09,40.7605962,-73.9643438,16.749,358290454,40.760605,-73.964366,2.181319,False
2023-01-30 01:14:10,40.7605377,-73.96438599999999,15.739,358290454,40.760546,-73.964407,2.085344,True
2023-01-30 01:14:11,40.7604831,-73.9644273,14.254,358290454,40.760491,-73.964447,1.903619,False
2023-01-30 01:14:12,40.7604328,-73.9644629,13.373,358290454,40.760441,-73.964483,1.916652,True
2023-01-30 01:14:13,40.7603782,-73.9645001,10.917,818182930,40.760386,-73.964521,2.041769,False
2023-01-30 01:14:14,40.7603294,-73.9645273,8.557,818182930,40.76034,-73.964554,2.601862,True
2023-01-30 01:14:15,40.7602906,-73.9645496,6.841,818182930,40.760303,-73.964581,2.997534,False
2023-01-30 01:14:16,40.7602649,-73.96456529999999,4.813,818182930,40.760278,-73.964598,3.191153,False
2023-01-30 01:14:17,40.7602461,-73.96458059999999,4.389,818182930,40.760259,-73.964612,3.051664,True
2023-01-30 01:14:18,40.7602325,-73.9645941,3.719,818182930,40.760244,-73.964623,2.771559,False
2023-01-30 01:14:19,40.7602166,-73.96460189999999,3.511,818182930,40.760229,-73.964633,3.032325,False
2023-01-30 01:14:20,40.760201,-73.9646143,3.695,818182930,40.760213,-73.964645,2.938371,False
2023-01-30 01:14:21,40.7601853,-73.9646277,3.121,818182930,40.760197,-73.964656,2.775986,False
2023-01-30 01:14:22,40.7601551,-73.9646508,2.742,818182930,40.760166,-73.964678,2.660796,True
2023-01-30 01:14:23,40.7601127,-73.9646841,1.863,818182930,40.760123,-73.964709,2.435097,False
2023-01-30 01:14:24,40.7600608,-73.964722,1.11,818182930,40.76007,-73.964746,2.36965,True
2023-01-30 01:14:25,40.7600174,-73.96477949999999,-1.248,818182930,40.760019,-73.964783,0.404987,False
2023-01-30 01:14:26,40.7599524,-73.96483409999999,-1.462,1030119891,40.759951,-73.964832,0.140486,True
2023-01-30 01:14:27,40.7598771,-73.96488049999999,-1.525,1030119891,40.759879,-73.964886,0.562041,False
2023-01-30 01:14:28,40.7598016,-73.96493079999999,-1.81,226092573,40.7598,-73.964945,1.191089,True
2023-01-30 01:14:29,40.7597152,-73.9649809,-2.516,226092573,40.759724,-73.965002,2.078853,True
2023-01-30 01:14:30,40.7596368,-73.9650398,-3.006,226092573,40.759646,-73.965061,2.078892,False
2023-01-30 01:14:31,40.75955,-73.9650885,-3.513,226092573,40.759564,-73.965122,3.280736,True
2023-01-30 01:14:32,40.7594678,-73.9651394,-3.774,226092573,40.759486,-73.965181,4.070893,True
2023-01-30 01:14:33,40.7593925,-73.9651995,-3.5740000000000003,226092573,40.759409,-73.965239,3.813343,False
2023-01-30 01:14:34,40.7593231,-73.9652533,-3.695,226092573,40.759339,-73.965291,3.658763,True
2023-01-30 01:14:35,40.7592556,-73.9652832,-5.5840000000000005,1030119892,40.759277,-73.965336,5.09743,False
2023-01-30 01:14:36,40.7591906,-73.9653266,-8.217,1030119892,40.759214,-73.965383,5.385672,True
2023-01-30 01:14:37,40.759117,-73.96538009999999,-9.691,1030119892,40.75914,-73.965436,5.393447,False
2023-01-30 01:14:38,40.7590474,-73.9654115,-13.158,1030119892,40.759077,-73.965482,6.808216,True
2023-01-30 01:14:39,40.758986,-73.9654564,-15.683,1030119892,40.759015,-73.965527,6.795056,False
2023-01-30 01:14:40,40.7589338,-73.9655009,-17.247,1030119892,40.758961,-73.965566,6.319852,True
2023-01-30 01:14:41,40.7589007,-73.9655436,-20.311,1030119892,40.758922,-73.965595,4.95354,False
2023-01-30 01:14:42,40.7588759,-73.9655756,-22.88,1030119892,40.758892,-73.965616,3.926775,False
2023-01-30 01:14:43,40.7588518,-73.9655973,-26.063,1030119892,40.758867,-73.965635,3.615484,True
2023-01-30 01:14:44,40.7588338,-73.9656218,-28.057,1030119892,40.758845,-73.96565,2.774134,False
2023-01-30 01:14:45,40.7588259,-73.96564649999999,-30.749,1030119892,40.758831,-73.96566,1.380848,False
2023-01-30 01:14:46,40.7588291,-73.96565439999999,-35.516,1030119892,40.758831,-73.965661,0.6306,False
2023-01-30 01:14:47,40.7588344,-73.9656815,-35.195,1030119893,40.758807,-73.965679,3.036762,False
2023-01-30 01:14:48,40.7588225,-73.9656808,-34.539,1030119893,40.758807,-73.965679,1.720406,False
2023-01-30 01:14:49,40.7588079,-73.965682,-32.318,1030119893,40.758806,-73.965679,0.267999,False
2023-01-30 01:14:50,40.7588135,-73.96569269999999,-31.515,1030119893,40.758806,-73.965679,1.356186,False
2023-01-30 01:14:51,40.7588122,-73.9656996,-31.227,1030119893,40.758804,-73.96568,1.787749,False
2023-01-30 01:14:52,40.7588063,-73.9657029,-31.561,1030119893,40.758798,-73.965685,1.713339,True
2023-01-30 01:14:53,40.7588006,-73.96570419999999,-31.347,1030119893,40.758794,-73.965688,1.503131,False
2023-01-30 01:14:54,40.7587873,-73.96570559999999,-30.278,1030119893,40.758783,-73.965696,0.892993,False
2023-01-30 01:14:55,40.758781,-73.9657098,-29.129,1030119893,40.758777,-73.9657,0.863079,False
2023-01-30 01:14:56,40.758769,-73.96570559999999,-27.983,1030119893,40.758769,-73.965706,0.087637,False
2023-01-30 01:14:57,40.7587561,-73.9656856,-26.975,1030119893,40.758765,-73.965709,2.244048,False
2023-01-30 01:14:58,40.7587295,-73.96563979999999,-25.863,1030119893,40.758699,-73.965758,10.457969,True
2023-01-30 01:14:59,40.7587292,-73.9656085,-24.988,1030119893,40.758699,-73.965758,12.958332,False
2023-01-30 01:15:00,40.7587194,-73.9655504,-24.257,1030119893,40.758699,-73.965758,17.532341,False
2023-01-30 01:15:01,40.7586747,-73.9654564,-23.336,710571392,40.758545,-73.965553,16.484316,True
2023-01-30 01:15:02,40.7586157,-73.96534369999999,-21.983,710571392,40.758494,-73.965435,15.477855,True
2023-01-30 01:15:03,40.7585511,-73.9652217,-21.96,710571392,40.758438,-73.965305,14.283629,True
2023-01-30 01:15:04,40.7584906,-73.96510649999999,-20.53,710571392,40.758386,-73.965183,13.171433,True
2023-01-30 01:15:05,40.7584499,-73.9650218,-20.004,710571392,40.758349,-73.965096,12.718392,False
2023-01-30 01:15:06,40.7584039,-73.9649355,-18.402,710571392,40.75831,-73.965004,11.819882,True
2023-01-30 01:15:07,40.7583434,-73.9648273,-16.438,710571392,40.758261,-73.964888,10.420793,True
2023-01-30 01:15:08,40.7582826,-73.96471939999999,-14.606,710571392,40.758211,-73.964771,8.957794,True
2023-01-30 01:15:09,40.7582325,-73.964604,-12.859,710571392,40.758162,-73.964655,8.81968,True
2023-01-30 01:15:10,40.75818,-73.9644813,-11.51,710571392,40.75811,-73.964532,8.747139,True
2023-01-30 01:15:11,40.7581348,-73.96436709999999,-12.639,710571392,40.758063,-73.964419,9.033486,True
2023-01-30 01:15:12,40.7580806,-73.9642669,-13.987,710571392,40.758018,-73.964312,7.880019,True
2023-01-30 01:15:13,40.758058,-73.96418849999999,-16.895,710571392,40.757987,-73.96424,8.891003,False
2023-01-30 01:15:14,40.7580344,-73.9641219,-21.722,710571392,40.75796,-73.964176,9.324626,True
2023-01-30 01:15:15,40.7579936,-73.9640313,-22.737,710571392,40.757921,-73.964084,9.074505,False
2023-01-30 01:15:16,40.7579584,-73.9639627,-25.179,710571392,40.757891,-73.964011,8.469025,True
2023-01-30 01:15:17,40.7578933,-73.9638524,-23.077,710571392,40.75784,-73.963891,6.67409,True
2023-01-30 01:15:18,40.7578321,-73.9637594,-20.905,710571392,40.757796,-73.963785,4.551061,True
2023-01-30 01:15:19,40.7577726,-73.9636962,-18.733,710571392,40.757761,-73.963704,1.378134,False
2023-01-30 01:15:20,40.7577218,-73.96364299999999,-15.293,710571392,40.757732,-73.963635,1.361776,True
2023-01-30 01:15:21,40.7576758,-73.9635845,-12.944,710571392,40.757702,-73.963564,3.422011,False
2023-01-30 01:15:22,40.7576385,-73.96352379999999,-12.014,710571392,40.757674,-73.963497,4.543623,True
2023-01-30 01:15:23,40.7576142,-73.9634689,-11.078,710571392,40.75765,-73.963441,4.647209,False
2023-01-30 01:15:24,40.757588,-73.9633989,-6.315,710571392,40.757622,-73.963373,4.328502,True
2023-01-30 01:15:25,40.7575699,-73.9633473,-3.093,710571392,40.757601,-73.963324,3.983831,False
2023-01-30 01:15:26,40.7575471,-73.96332269999999,-3.311,710571392,40.757588,-73.963292,5.189922,False
2023-01-30 01:15:27,40.7575089,-73.96329159999999,-2.157,710571392,40.757568,-73.963246,7.597741,True
2023-01-30 01:15:28,40.7574858,-73.96329659999999,-2.124,710571392,40.757564,-73.963237,10.027596,False
2023-01-30 01:15:29,40.7574484,-73.9632871,-0.127,710571392,40.757552,-73.963209,13.23696,False
2023-01-30 01:15:30,40.7574054,-73.963257,2.276,1090458890,40.757439,-73.963126,11.6194,True
2023-01-30 01:15:31,40.7573845,-73.9632311,3.056,1090458890,40.757374,-73.963147,7.055987,False
2023-01-30 01:15:32,40.757357,-73.9632105,5.133,1090458890,40.757373,-73.963147,5.561177,False
2023-01-30 01:15:33,40.7573278,-73.9631816,7.636,1090458890,40.75734,-73.963132,4.318026,True
2023-01-30 01:15:34,40.7573103,-73.9631777,9.913,1090458890,40.757332,-73.963129,4.732105,False
2023-01-30 01:15:35,40.7573022,-73.9631732,12.885,1090458890,40.757332,-73.963129,4.955815,False
2023-01-30 01:15:36,40.7572989,-73.9631714,15.477,1090458890,40.757332,-73.963129,5.099436,False
2023-01-30 01:15:37,40.7572892,-73.9631666,18.743,1090458890,40.757332,-73.963129,5.684289,False
2023-01-30 01:15:38,40.7572803,-73.96316209999999,21.307,1090458890,40.757328,-73.963121,6.30494,False
2023-01-30 01:15:39,40.757277,-73.96316159999999,23.487,1090458890,40.757327,-73.963118,6.588432,False
2023-01-30 01:15:40,40.757275,-73.9631586,25.55,1090458890,40.757325,-73.963115,6.637461,False
2023-01-30 01:15:41,40.7572746,-73.96315129999999,28.227,1090458890,40.757322,-73.96311,6.342237,False
2023-01-30 01:15:42,40.7572719,-73.96314,30.412,1090458890,40.757318,-73.9631,6.078356,False
2023-01-30 01:15:43,40.7572705,-73.96313549999999,31.647,1090458890,40.757316,-73.963096,6.003412,False
2023-01-30 01:15:44,40.7572827,-73.9631246,34.029,1090458890,40.757315,-73.963096,4.374952,False
2023-01-30 01:15:45,40.7572871,-73.9631144,37.13,1090458890,40.757313,-73.963091,3.502238,False
2023-01-30 01:15:46,40.757297,-73.9631038,39.303,1090458890,40.757312,-73.96309,2.100887,False
2023-01-30 01:15:47,40.7573074,-73.9630912,42.05,1090458890,40.757311,-73.963087,0.562081,False
2023-01-30 01:15:48,40.7573249,-73.9630818,43.493,1090458890,40.757311,-73.963087,1.540402,False
2023-01-30 01:15:49,40.7573326,-73.963073,45.267,1090458890,40.757311,-73.963087,2.615777,False
2023-01-30 01:15:50,40.7573369,-73.96306799999999,48.012,1090458890,40.757311,-73.963087,3.235002,False
2023-01-30 01:15:51,40.7573378,-73.9630631,50.984,1090458890,40.75731,-73.963086,3.538484,False
2023-01-30 01:15:52,40.7573273,-73.9630583,54.169,1090458890,40.757306,-73.963076,2.782795,True
2023-01-30 01:15:53,40.7573201,-73.9630548,57.012,1090458890,40.757306,-73.963076,2.362847,False
2023-01-30 01:15:54,40.7573155,-73.9630518,59.279,1090458890,40.757306,-73.963076,2.28282,False
2023-01-30 01:15:55,40.7573036,-73.9630485,62.842,1090458890,40.757306,-73.963076,2.318429,False
2023-01-30 01:15:56,40.7573002,-73.9630476,65.819,1090458890,40.757306,-73.963076,2.463503,False
2023-01-30 01:15:57,40.7572943,-73.9630458,67.924,1090458890,40.757306,-73.963076,2.840946,False
2023-01-30 01:15:58,40.7572906,-73.9630471,70.97,1090458890,40.757306,-73.963076,2.959368,False
2023-01-30 01:15:59,40.7572871,-73.96304889999999,73.738,1090458890,40.757306,-73.963076,3.085193,False
2023-01-30 01:16:00,40.7572831,-73.96305029999999,76.206,1090458890,40.757306,-73.963076,3.323242,False
2023-01-30 01:16:01,40.7572752,-73.9630525,78.982,1090458890,40.757306,-73.963076,3.93331,False
2023-01-30 01:16:02,40.7572705,-73.96305579999999,81.647,1090458890,40.757306,-73.963076,4.274204,False
2023-01-30 01:16:03,40.7572669,-73.9630592,84.491,1090458890,40.757306,-73.963076,4.546379,False
2023-01-30 01:16:04,40.7572702,-73.9630631,86.316,1090458890,40.757306,-73.963076,4.103097,False
2023-01-30 01:16:05,40.7572778,-73.9630634,85.9,1090458890,40.757306,-73.963076,3.291728,False
2023-01-30 01:16:06,40.757276659420285,-73.9630632463768,86.6326231884058,1090458890,40.757306,-73.963076,3.417619768115942,False
2023-01-30 01:16:07,40.75727551884058,-73.96306309275361,87.3652463768116,1090458890,40.757306,-73.963076,3.543511536231884,False
2023-01-30 01:16:08,40.75727437826087,-73.96306293913042,88.0978695652174,1090458890,40.757306,-73.963076,3.669403304347826,False
2023-01-30 01:16:09,40.757273237681154,-73.96306278550725,88.83049275362319,1090458890,40.757306,-73.963076,3.795295072463768,False
2023-01-30 01:16:10,40.75727209710145,-73.96306263188406,89.56311594202899,1090458890,40.757306,-73.963076,3.9211868405797103,False
2023-01-30 01:16:11,40.75727095652174,-73.96306247826087,90.29573913043478,1090458890,40.757306,-73.963076,4.047078608695652,False
2023-01-30 01:16:12,40.757269815942024,-73.96306232463768,91.02836231884058,1090458890,40.757306,-73.963076,4.172970376811594,False
2023-01-30 01:16:13,40.75726867536232,-73.96306217101449,91.76098550724637,1090458890,40.757306,-73.963076,4.298862144927536,False
2023-01-30 01:16:14,40.757267534782606,-73.9630620173913,92.49360869565217,1090458890,40.757306,-73.963076,4.424753913043478,False
2023-01-30 01:16:15,40.757266394202894,-73.96306186376812,93.22623188405798,1090458890,40.757306,-73.963076,4.55064568115942,False
2023-01-30 01:16:16,40.75726525362319,-73.96306171014493,93.95885507246378,1090458890,40.757306,-73.963076,4.676537449275362,False
2023-01-30 01:16:17,40.757264113043476,-73.96306155652174,94.69147826086957,1090458890,40.757306,-73.963076,4.802429217391304,False
2023-01-30 01:16:18,40.757262972463764,-73.96306140289855,95.42410144927537,1090458890,40.757306,-73.963076,4.928320985507247,False
2023-01-30 01:16:19,40.75726183188406,-73.96306124927536,96.15672463768117,1090458890,40.757306,-73.963076,5.0542127536231884,False
2023-01-30 01:16:20,40.757260691304346,-73.96306109565217,96.88934782608696,1090458890,40.757306,-73.963076,5.18010452173913,False
2023-01-30 01:16:21,40.75725955072463,-73.96306094202899,97.62197101449276,1090458890,40.757306,-73.963076,5.305996289855072,False
2023-01-30 01:16:22,40.75725841014493,-73.9630607884058,98.35459420289855,1090458890,40.757306,-73.963076,5.4318880579710145,False
2023-01-30 01:16:23,40.757257269565216,-73.96306063478261,99.08721739130435,1090458890,40.757306,-73.963076,5.557779826086956,False
2023-01-30 01:16:24,40.7572561289855,-73.96306048115942,99.81984057971015,1090458890,40.757306,-73.963076,5.683671594202899,False
2023-01-30 01:16:25,40.7572549884058,-73.96306032753623,100.55246376811594,1090458890,40.757306,-73.963076,5.8095633623188405,False
2023-01-30 01:16:26,40.757253847826085,-73.96306017391304,101.28508695652174,1090458890,40.757306,-73.963076,5.935455130434782,False
2023-01-30 01:16:27,40.75725270724637,-73.96306002028986,102.01771014492753,1090458890,40.757306,-73.963076,6.061346898550724,False
2023-01-30 01:16:28,40.75725156666667,-73.96305986666667,102.75033333333333,1090458890,40.757306,-73.963076,6.1872386666666666,False
2023-01-30 01:16:29,40.757250426086955,-73.96305971304348,103.48295652173913,1090458890,40.757306,-73.963076,6.313130434782608,False
2023-01-30 01:16:30,40.75724928550724,-73.96305955942029,104.21557971014492,1090458890,40.757306,-73.963076,6.439022202898551,False
2023-01-30 01:16:31,40.75724814492754,-73.9630594057971,104.94820289855073,1090458890,40.757306,-73.963076,6.564913971014493,False
2023-01-30 01:16:32,40.757247004347825,-73.9630592521739,105.68082608695653,1090458890,40.757306,-73.963076,6.690805739130434,False
2023-01-30 01:16:33,40.75724586376811,-73.96305909855072,106.41344927536232,1090458890,40.757306,-73.963076,6.816697507246376,False
2023-01-30 01:16:34,40.75724472318841,-73.96305894492754,107.14607246376812,1090458890,40.757306,-73.963076,6.942589275362319,False
2023-01-30 01:16:35,40.757243582608695,-73.96305879130435,107.87869565217392,1090458890,40.757306,-73.963076,7.068481043478261,False
2023-01-30 01:16:36,40.75724244202898,-73.96305863768116,108.61131884057971,1090458890,40.757306,-73.963076,7.194372811594203,False
2023-01-30 01:16:37,40.75724130144928,-73.96305848405797,109.34394202898551,1090458890,40.757306,-73.963076,7.320264579710145,False
2023-01-30 01:16:38,40.757240160869564,-73.96305833043478,110.0765652173913,1090458890,40.757306,-73.963076,7.446156347826086,False
2023-01-30 01:16:39,40.75723902028985,-73.96305817681159,110.8091884057971,1090458890,40.757306,-73.963076,7.572048115942029,False
2023-01-30 01:16:40,40.757237879710146,-73.96305802318841,111.5418115942029,1090458890,40.757306,-73.963076,7.697939884057971,False
2023-01-30 01:16:41,40.757236739130434,-73.96305786956522,112.2744347826087,1090458890,40.757306,-73.963076,7.823831652173912,False
2023-01-30 01:16:42,40.75723559855072,-73.96305771594203,113.00705797101449,1090458890,40.757306,-73.963076,7.949723420289855,False
2023-01-30 01:16:43,40.757234457971016,-73.96305756231884,113.73968115942029,1090458890,40.757306,-73.963076,8.075615188405797,False
2023-01-30 01:16:44,40.757233317391304,-73.96305740869565,114.47230434782608,1090458890,40.757306,-73.963076,8.201506956521738,False
2023-01-30 01:16:45,40.75723217681159,-73.96305725507246,115.20492753623188,1090458890,40.757306,-73.963076,8.327398724637682,False
2023-01-30 01:16:46,40.757231036231886,-73.96305710144928,115.93755072463767,1090458890,40.757306,-73.963076,8.453290492753624,False
2023-01-30 01:16:47,40.75722989565217,-73.96305694782609,116.67017391304347,1090458890,40.757306,-73.963076,8.579182260869565,False
2023-01-30 01:16:48,40.75722875507246,-73.9630567942029,117.40279710144927,1090458890,40.757306,-73.963076,8.705074028985507,False
2023-01-30 01:16:49,40.757227614492756,-73.96305664057971,118.13542028985506,1090458890,40.757306,-73.963076,8.830965797101449,False
2023-01-30 01:16:50,40.75722647391304,-73.96305648695652,118.86804347826086,1090458890,40.757306,-73.963076,8.95685756521739,False
2023-01-30 01:16:51,40.75722533333333,-73.96305633333333,119.60066666666665,1090458890,40.757306,-73.963076,9.082749333333332,False
2023-01-30 01:16:52,40.757224192753625,-73.96305617971014,120.33328985507245,1090458890,40.757306,-73.963076,9.208641101449274,False
2023-01-30 01:16:53,40.75722305217391,-73.96305602608696,121.06591304347825,1090458890,40.757306,-73.963076,9.334532869565216,False
2023-01-30 01:16:54,40.7572219115942,-73.96305587246377,121.79853623188404,1090458890,40.757306,-73.963076,9.46042463768116,False
2023-01-30 01:16:55,40.757220771014495,-73.96305571884058,122.53115942028984,1090458890,40.757306,-73.963076,9.5863164057971,False
2023-01-30 01:16:56,40.75721963043478,-73.96305556521739,123.26378260869565,1090458890,40.757306,-73.963076,9.712208173913044,False
2023-01-30 01:16:57,40.75721848985507,-73.9630554115942,123.99640579710145,1090458890,40.757306,-73.963076,9.838099942028986,False
2023-01-30 01:16:58,40.757217349275365,-73.963055257971,124.72902898550724,1090458890,40.757306,-73.963076,9.963991710144928,False
2023-01-30 01:16:59,40.75721620869565,-73.96305510434783,125.46165217391304,1090458890,40.757306,-73.963076,10.08988347826087,False
2023-01-30 01:17:00,40.75721506811594,-73.96305495072464,126.19427536231883,1090458890,40.757306,-73.963076,10.215775246376811,False
2023-01-30 01:17:01,40.757213927536235,-73.96305479710145,126.92689855072463,1090458890,40.757306,-73.963076,10.341667014492753,False
2023-01-30 01:17:02,40.75721278695652,-73.96305464347826,127.65952173913043,1090458890,40.757306,-73.963076,10.467558782608695,False
2023-01-30 01:17:03,40.75721164637681,-73.96305448985507,128.3921449275362,1090458890,40.757306,-73.963076,10.593450550724636,False
2023-01-30 01:17:04,40.757210505797104,-73.96305433623188,129.124768115942,1090458890,40.757306,-73.963076,10.719342318840578,False
2023-01-30 01:17:05,40.75720936521739,-73.9630541826087,129.85739130434783,1090458890,40.757306,-73.963076,10.845234086956522,False
2023-01-30 01:17:06,40.75720822463768,-73.96305402898551,130.59001449275362,1090458890,40.757306,-73.963076,10.971125855072463,False
2023-01-30 01:17:07,40.757207084057974,-73.96305387536232,131.32263768115942,1090458890,40.757306,-73.963076,11.097017623188405,False
2023-01-30 01:17:08,40.75720594347826,-73.96305372173913,132.05526086956522,1090458890,40.757306,-73.963076,11.222909391304349,False
2023-01-30 01:17:09,40.75720480289855,-73.96305356811594,132.787884057971,1090458890,40.757306,-73.963076,11.34880115942029,False
2023-01-30 01:17:10,40.757203662318844,-73.96305341449275,133.5205072463768,1090458890,40.757306,-73.963076,11.474692927536232,False
2023-01-30 01:17:11,40.75720252173913,-73.96305326086957,134.2531304347826,1090458890,40.757306,-73.963076,11.600584695652174,False
2023-01-30 01:17:12,40.75720138115942,-73.96305310724638,134.9857536231884,1090458890,40.757306,-73.963076,11.726476463768115,False
2023-01-30 01:17:13,40.757200240579714,-73.96305295362319,135.7183768115942,1090458890,40.757306,-73.963076,11.852368231884057,False
2023-01-30 01:17:14,40.7571991,-73.9630528,136.451,1090458890,40.757306,-73.963076,11.97826,True
2023-01-30 01:17:15,40.7572018,-73.96305319999999,137.0,1090458890,40.757306,-73.963076,11.678258,False
2023-01-30 01:17:16,40.7572054,-73.96304789999999,137.215,1090458890,40.757306,-73.963076,11.369289,False
2023-01-30 01:17:17,40.7572093,-73.9630487,138.358,1090458890,40.757306,-73.963076,10.933573,False
2023-01-30 01:17:18,40.7572065,-73.9630364,139.496,1090458890,40.757306,-73.963076,11.490475,False
2023-01-30 01:17:19,40.7572013,-73.9630194,140.359,1090458890,40.757306,-73.963076,12.50934,False
2023-01-30 01:17:20,40.757199,-73.9630142,141.242,1090458890,40.757306,-73.963076,12.913357,False
2023-01-30 01:17:21,40.7571871,-73.9630057,141.617,1090458890,40.757306,-73.963076,14.404671,False
2023-01-30 01:17:22,40.7571574,-73.9629727,141.589,1090458890,40.757306,-73.963076,18.568909,False
2023-01-30 01:17:23,40.7571296,-73.96293829999999,140.454,710571392,40.757365,-73.962765,29.786524,True
2023-01-30 01:17:24,40.7571085,-73.9629015,139.502,710571392,40.757348,-73.962725,30.329579,False
2023-01-30 01:17:25,40.7570999,-73.9628755,139.709,710571392,40.757337,-73.9627,30.103568,False
2023-01-30 01:17:26,40.7571018,-73.96286409999999,139.829,710571392,40.757334,-73.962693,29.456335,False
2023-01-30 01:17:27,40.7571158,-73.9628528,138.235,710571392,40.757334,-73.962692,27.643587,False
2023-01-30 01:17:28,40.7571275,-73.9628425,137.241,710571392,40.757333,-73.962691,26.09382,False
2023-01-30 01:17:29,40.7571472,-73.96282219999999,135.42000000000002,710571392,40.757331,-73.962686,23.364128,False
2023-01-30 01:17:30,40.7571661,-73.96279899999999,134.093,710571392,40.757328,-73.962679,20.593837,True
2023-01-30 01:17:31,40.7571739,-73.9627771,133.19,710571392,40.757323,-73.962667,18.949332,False
2023-01-30 01:17:32,40.7571788,-73.96274939999999,131.773,710571392,40.757315,-73.962648,17.349284,False
2023-01-30 01:17:33,40.7571801,-73.96271469999999,131.27700000000002,710571392,40.757305,-73.962623,15.812558,False
2023-01-30 01:17:34,40.757181,-73.96267139999999,130.284,710571392,40.757291,-73.96259,13.964778,True
2023-01-30 01:17:35,40.7571468,-73.9626012,128.03,710571392,40.75726,-73.962517,14.415869,False
2023-01-30 01:17:36,40.7571179,-73.9625184,124.57,710571392,40.757227,-73.962438,13.842287,True
2023-01-30 01:17:37,40.7570837,-73.96243129999999,120.283,710571392,40.757191,-73.962352,13.606142,False
2023-01-30 01:17:38,40.7570558,-73.96235089999999,116.953,710571392,40.757158,-73.962275,13.033495,True
2023-01-30 01:17:39,40.7570313,-73.9622792,113.992,710571392,40.75713,-73.962206,12.48599,False
2023-01-30 01:17:40,40.7569998,-73.96221589999999,110.38,710571392,40.757102,-73.96214,12.956687,True
2023-01-30 01:17:41,40.7569652,-73.9621514,105.878,710571392,40.757073,-73.962072,13.678231,False
2023-01-30 01:17:42,40.7569312,-73.9620833,101.184,710571392,40.757043,-73.962001,14.195386,True
2023-01-30 01:17:43,40.7568949,-73.9620264,97.633,710571392,40.757016,-73.961937,15.390305,False
2023-01-30 01:17:44,40.7568659,-73.9619767,93.456,710571392,40.756993,-73.961882,16.172395,True
2023-01-30 01:17:45,40.7568352,-73.9619142,90.718,710571392,40.756966,-73.961817,16.598297,False
2023-01-30 01:17:46,40.7568021,-73.9618325,88.09,710571392,40.756932,-73.961736,16.475416,True
2023-01-30 01:17:47,40.7567708,-73.96175649999999,86.378,710571392,40.7569,-73.961661,16.410338,False
2023-01-30 01:17:48,40.756732,-73.9616671,84.065,710571392,40.756862,-73.961571,16.525299,True
2023-01-30 01:17:49,40.7566981,-73.9615773,81.053,710571392,40.756825,-73.961483,16.150362,False
2023-01-30 01:17:50,40.7566685,-73.9614928,78.07000000000001,710571392,40.756791,-73.961402,15.57531,True
2023-01-30 01:17:51,40.756677,-73.961411,69.916,710571392,40.756767,-73.961344,11.427314,False
2023-01-30 01:17:52,40.7567061,-73.96132779999999,58.829,710571392,40.756746,-73.961294,5.241773,True
2023-01-30 01:17:53,40.7567254,-73.9612535,50.632,710571392,40.756727,-73.961251,0.321101,False
2023-01-30 01:17:54,40.7567608,-73.9612143,45.861,169381963,40.756728,-73.961137,7.331758,True
2023-01-30 01:17:55,40.7568102,-73.9611663,41.9,169381963,40.756782,-73.961098,6.44646,False
2023-01-30 01:17:56,40.7568632,-73.96112339999999,38.274,169381963,40.756836,-73.961059,6.135194,True
2023-01-30 01:17:57,40.7569401,-73.9610793,33.131,169381963,40.756909,-73.961005,7.013801,False
2023-01-30 01:17:58,40.7570115,-73.9610296,29.44,169381963,40.75698,-73.960954,7.187809,True
2023-01-30 01:17:59,40.7570765,-73.9609885,26.74,169381963,40.757043,-73.960908,7.650094,False
2023-01-30 01:18:00,40.7571211,-73.9609567,22.874,169381963,40.757087,-73.960876,7.703447,True
2023-01-30 01:18:01,40.757155,-73.9609382,18.597,169381963,40.757119,-73.960852,8.159726,False
2023-01-30 01:18:02,40.7571769,-73.9609201,16.404,169381963,40.757141,-73.960836,8.003735,False
2023-01-30 01:18:03,40.7571925,-73.96090629999999,15.75,169381963,40.757158,-73.960824,7.826137,False
2023-01-30 01:18:04,40.7571924,-73.9608994,14.031,169381963,40.75716,-73.960822,7.314956,False
2023-01-30 01:18:05,40.7571943,-73.9608952,12.378,169381963,40.757163,-73.96082,7.108642,False
2023-01-30 01:18:06,40.7572006,-73.9608861,11.045,169381963,40.75717,-73.960815,6.778363,True
2023-01-30 01:18:07,40.7572103,-73.9608682,10.24,169381963,40.757184,-73.960805,5.984747,False
2023-01-30 01:18:08,40.7572271,-73.960837,11.134,169381963,40.757207,-73.960788,4.595726,False
2023-01-30 01:18:09,40.7572448,-73.9608099,11.157,169381963,40.757229,-73.960772,3.555394,False
2023-01-30 01:18:10,40.7572705,-73.9607923,9.293,169381963,40.757254,-73.960754,3.63923,True
2023-01-30 01:18:11,40.7572988,-73.9607686,8.442,169381963,40.757284,-73.960732,3.413083,False
2023-01-30 01:18:12,40.7573174,-73.96075619999999,6.767,169381963,40.757302,-73.960719,3.487272,False
2023-01-30 01:18:13,40.7573318,-73.960746,5.845,169381963,40.757316,-73.960709,3.500605,False
2023-01-30 01:18:14,40.7573502,-73.9607293,6.248,169381963,40.757336,-73.960695,3.248119,True
2023-01-30 01:18:15,40.7573622,-73.96072219999999,6.176,169381963,40.757347,-73.960686,3.362139,False
2023-01-30 01:18:16,40.7573789,-73.9607214,6.064,169381963,40.75736,-73.960677,4.188313,False
2023-01-30 01:18:17,40.7574209,-73.9607262,6.521,68668557,40.757395,-73.960743,3.136066,False
2023-01-30 01:18:18,40.757461,-73.9607436,7.318,68668557,40.75741,-73.960779,6.34957,True
2023-01-30 01:18:19,40.7574893,-73.9607904,7.643,68668557,40.757432,-73.960832,7.210036,False
2023-01-30 01:18:20,40.7575212,-73.9608485,8.078,68668557,40.757458,-73.960894,7.929055,True
2023-01-30 01:18:21,40.7575553,-73.960915,8.402000000000001,68668557,40.757487,-73.960964,8.51892,False
2023-01-30 01:18:22,40.7575888,-73.9609907,8.367,68668557,40.75752,-73.961041,8.67648,True
2023-01-30 01:18:23,40.7576283,-73.9610707,8.418000000000001,68668557,40.757555,-73.961124,9.238946,False
2023-01-30 01:18:24,40.7576698,-73.9611506,8.699,68668557,40.75759,-73.961208,9.998768,True
2023-01-30 01:18:25,40.7577044,-73.96124309999999,8.506,68668557,40.757628,-73.961298,9.579098,False
2023-01-30 01:18:26,40.7577384,-73.9613352,8.333,68668557,40.757666,-73.961388,9.117717,True
2023-01-30 01:18:27,40.7577686,-73.9614254,7.924,68668557,40.757702,-73.961473,8.366396,False
2023-01-30 01:18:28,40.7578057,-73.961502,7.981,68668557,40.757735,-73.961553,8.835254,True
2023-01-30 01:18:29,40.7578483,-73.9615779,8.029,68668557,40.75777,-73.961635,9.86413,False
2023-01-30 01:18:30,40.7578845,-73.961664,7.859,68668557,40.757806,-73.961721,9.859484,True
2023-01-30 01:18:31,40.7579184,-73.961754,7.585,68668557,40.757843,-73.961808,9.473881,False
2023-01-30 01:18:32,40.7579502,-73.9618448,7.273000000000001,68668557,40.75788,-73.961896,8.852778,True
2023-01-30 01:18:33,40.7579808,-73.96193459999999,7.135,68668557,40.757916,-73.961981,8.15639,False
2023-01-30 01:18:34,40.7580167,-73.9620223,7.03,68668557,40.757953,-73.962069,8.057653,True
2023-01-30 01:18:35,40.7580756,-73.96209429999999,7.058,68668557,40.75799,-73.962157,10.820489,False
2023-01-30 01:18:36,40.7581075,-73.9621837,7.093,68668557,40.758026,-73.962243,10.266011,True
2023-01-30 01:18:37,40.7581448,-73.9622673,7.089,68668557,40.758062,-73.962328,10.46939,False
2023-01-30 01:18:38,40.758183,-73.9623472,6.99,68668557,40.758096,-73.96241,10.910288,True
2023-01-30 01:18:39,40.7582131,-73.9624178,7.023000000000001,68668557,40.758126,-73.962481,10.946764,False
2023-01-30 01:18:40,40.758241,-73.9624815,6.9830000000000005,68668557,40.758153,-73.962545,11.051362,True
2023-01-30 01:18:41,40.7582588,-73.9625231,6.894,68668557,40.758171,-73.962587,11.079042,False
2023-01-30 01:18:42,40.7582689,-73.9625569,6.469,68668557,40.758184,-73.962618,10.679927,False
2023-01-30 01:18:43,40.7582694,-73.9625727,6.071,68668557,40.758189,-73.962631,10.085399,False
2023-01-30 01:18:44,40.7582692,-73.9625843,6.228,68668557,40.758193,-73.962639,9.594105,False
2023-01-30 01:18:45,40.75827,-73.9625923,6.379,68668557,40.758196,-73.962646,9.345926,False
2023-01-30 01:18:46,40.7582677,-73.9625969,6.596,68668557,40.758197,-73.962648,8.936488,True
2023-01-30 01:18:47,40.7582685,-73.9625999,6.795,68668557,40.758198,-73.962651,8.891742,False
2023-01-30 01:18:48,40.7582709,-73.9626048,7.247,68668557,40.7582,-73.962656,8.924321,False
2023-01-30 01:18:49,40.7582708,-73.9626085,7.758,68668557,40.758201,-73.962659,8.764116,False
2023-01-30 01:18:50,40.7582709,-73.96261319999999,8.267,68668557,40.758203,-73.962662,8.582553,False
2023-01-30 01:18:51,40.7582713,-73.9626167,8.637,68668557,40.758204,-73.962665,8.478806,False
2023-01-30 01:18:52,40.7582719,-73.96262089999999,8.999,68668557,40.758205,-73.962669,8.365908,False
2023-01-30 01:18:53,40.7582711,-73.9626232,9.281,68668557,40.758206,-73.96267,8.195015,False
2023-01-30 01:18:54,40.7582692,-73.96262709999999,9.692,68668557,40.758207,-73.962672,7.852715,False
2023-01-30 01:18:55,40.7582679,-73.9626301,10.029,68668557,40.758207,-73.962674,7.605019,False
2023-01-30 01:18:56,40.7582672,-73.96263379999999,10.369,68668557,40.758208,-73.962676,7.386828,False
2023-01-30 01:18:57,40.7582681,-73.9626382,10.657,68668557,40.75821,-73.96268,7.294785,False
2023-01-30 01:18:58,40.758271,-73.96264339999999,11.13,68668557,40.758212,-73.962686,7.363479,False
2023-01-30 01:18:59,40.7582769,-73.9626523,11.879,68668557,40.758217,-73.962696,7.571562,False
2023-01-30 01:19:00,40.7582857,-73.9626658,12.994,68668557,40.758223,-73.962711,7.87275,False
2023-01-30 01:19:01,40.7582962,-73.9626771,13.627,68668557,40.758229,-73.962725,8.427742,False
2023-01-30 01:19:02,40.7583031,-73.9626878,14.353,68668557,40.758234,-73.962738,8.659232,False
2023-01-30 01:19:03,40.7583104,-73.9626969,14.77,68668557,40.758239,-73.962749,8.994477,False
2023-01-30 01:19:04,40.758315,-73.9627063,15.559,68668557,40.758243,-73.962758,9.05658,True
2023-01-30 01:19:05,40.7583204,-73.9627137,15.93,68668557,40.758247,-73.962767,9.277371,False
2023-01-30 01:19:06,40.7583278,-73.96272309999999,16.381,68668557,40.758251,-73.962778,9.610075,False
2023-01-30 01:19:07,40.7583334,-73.96273,16.658,68668557,40.758255,-73.962787,9.868276,False
2023-01-30 01:19:08,40.7583384,-73.9627335,17.693,68668557,40.758258,-73.962793,10.205633,False
2023-01-30 01:19:09,40.7583479,-73.96274369999999,18.4,68668557,40.758263,-73.962806,10.70047,False
2023-01-30 01:19:10,40.7583573,-73.96275469999999,18.955,68668557,40.758269,-73.96282,11.152745,False
2023-01-30 01:19:11,40.7583644,-73.9627649,19.589,68668557,40.758274,-73.962831,11.41649,False
2023-01-30 01:19:12,40.7583658,-73.962769,19.682,68668557,40.758276,-73.962835,11.38251,False
2023-01-30 01:19:13,40.7583646,-73.96276999999999,19.373,68668557,40.758276,-73.962835,11.225798,False
2023-01-30 01:19:14,40.7583604,-73.96276809999999,18.964,68668557,40.758276,-73.962835,10.905776,False
2023-01-30 01:19:15,40.75835716785714,-73.96276587499999,19.03667857142857,68668557,40.758276,-73.962835,10.90617107142857,False
2023-01-30 01:19:16,40.75835393571429,-73.96276364999999,19.109357142857142,68668557,40.758276,-73.962835,10.906566142857143,False
2023-01-30 01:19:17,40.75835070357143,-73.962761425,19.182035714285714,68668557,40.758276,-73.962835,10.906961214285714,False
2023-01-30 01:19:18,40.75834747142857,-73.9627592,19.254714285714286,68668557,40.758276,-73.962835,10.907356285714286,False
2023-01-30 01:19:19,40.75834423928571,-73.96275697499999,19.327392857142854,68668557,40.758276,-73.962835,10.907751357142857,False
2023-01-30 01:19:20,40.75834100714286,-73.96275474999999,19.400071428571426,68668557,40.758276,-73.962835,10.908146428571428,False
2023-01-30 01:19:21,40.758337775,-73.96275252499998,19.472749999999998,68668557,40.758276,-73.962835,10.9085415,False
2023-01-30 01:19:22,40.75833454285714,-73.9627503,19.54542857142857,68668557,40.758276,-73.962835,10.90893657142857,False
2023-01-30 01:19:23,40.75833131071429,-73.962748075,19.61810714285714,68668557,40.758276,-73.962835,10.909331642857143,False
2023-01-30 01:19:24,40.75832807857143,-73.96274584999999,19.690785714285713,68668557,40.758276,-73.962835,10.909726714285714,False
2023-01-30 01:19:25,40.75832484642857,-73.96274362499999,19.763464285714285,68668557,40.758276,-73.962835,10.910121785714285,False
2023-01-30 01:19:26,40.75832161428571,-73.9627414,19.836142857142857,68668557,40.758276,-73.962835,10.910516857142857,False
2023-01-30 01:19:27,40.75831838214286,-73.962739175,19.90882142857143,68668557,40.758276,-73.962835,10.910911928571428,False
2023-01-30 01:19:28,40.75831515,-73.96273695,19.981499999999997,68668557,40.758276,-73.962835,10.911307,False
2023-01-30 01:19:29,40.75831191785714,-73.96273472499999,20.05417857142857,68668557,40.758276,-73.962835,10.911702071428572,False
2023-01-30 01:19:30,40.75830868571429,-73.96273249999999,20.12685714285714,68668557,40.758276,-73.962835,10.912097142857142,False
2023-01-30 01:19:31,40.75830545357143,-73.962730275,20.199535714285712,68668557,40.758276,-73.962835,10.912492214285715,False
2023-01-30 01:19:32,40.75830222142857,-73.96272805,20.272214285714284,68668557,40.758276,-73.962835,10.912887285714286,False
2023-01-30 01:19:33,40.75829898928571,-73.96272582499999,20.344892857142856,68668557,40.758276,-73.962835,10.913282357142856,False
2023-01-30 01:19:34,40.75829575714286,-73.96272359999999,20.417571428571428,68668557,40.758276,-73.962835,10.913677428571429,False
2023-01-30 01:19:35,40.758292525,-73.96272137499999,20.49025,68668557,40.758276,-73.962835,10.9140725,False
2023-01-30 01:19:36,40.75828929285714,-73.96271915,20.56292857142857,68668557,40.758276,-73.962835,10.914467571428572,False
2023-01-30 01:19:37,40.75828606071429,-73.962716925,20.635607142857143,68668557,40.758276,-73.962835,10.914862642857143,False
2023-01-30 01:19:38,40.75828282857143,-73.96271469999999,20.708285714285715,68668557,40.758276,-73.962835,10.915257714285714,False
2023-01-30 01:19:39,40.75827959642857,-73.96271247499999,20.780964285714283,68668557,40.758276,-73.962835,10.915652785714286,False
2023-01-30 01:19:40,40.75827636428571,-73.96271025,20.853642857142855,68668557,40.758276,-73.962835,10.916047857142857,False
2023-01-30 01:19:41,40.75827313214286,-73.962708025,20.926321428571427,68668557,40.758276,-73.962835,10.91644292857143,False
2023-01-30 01:19:42,40.7582699,-73.9627058,20.999,68668557,40.758276,-73.962835,10.916838,False
2023-01-30 01:19:43,40.7582712,-73.9627075,20.988,68668557,40.758276,-73.962835,10.766442,False
2023-01-30 01:19:44,40.7582806,-73.96272359999999,20.751,68668557,40.758276,-73.962835,9.416619,False
2023-01-30 01:19:45,40.7582947,-73.9627489,20.304,68668557,40.758276,-73.962835,7.56728,False
2023-01-30 01:19:46,40.758305,-73.962767,20.285,68668557,40.758276,-73.962835,6.590546,False
2023-01-30 01:19:47,40.7583282,-73.96279179999999,20.706,68668557,40.758276,-73.962835,6.834516,False
2023-01-30 01:19:48,40.75836,-73.9628096,20.501,68668557,40.758287,-73.962863,9.152673,False
2023-01-30 01:19:49,40.7583982,-73.9628201,19.744,169381960,40.75841,-73.962851,2.898187,True
2023-01-30 01:19:50,40.7584423,-73.9628152,19.307,169381960,40.758446,-73.962824,0.889074,False
2023-01-30 01:19:51,40.7584904,-73.9627896,17.887,169381960,40.758491,-73.962791,0.183596,True
2023-01-30 01:19:52,40.7585781,-73.9627423,10.686,169381960,40.758573,-73.962731,1.056997,True
2023-01-30 01:19:53,40.7586507,-73.96270179999999,6.88,169381960,40.758641,-73.962681,1.98556,False
2023-01-30 01:19:54,40.7586955,-73.9626729,5.473,169381960,40.758685,-73.962649,2.272341,True
2023-01-30 01:19:55,40.7587361,-73.9626476,3.964,169381960,40.758724,-73.96262,2.59746,False
2023-01-30 01:19:56,40.7587738,-73.9626222,2.836,169381960,40.758761,-73.962593,2.759689,False
2023-01-30 01:19:57,40.7588036,-73.96260029999999,1.971,169381960,40.758791,-73.962571,2.754452,True
2023-01-30 01:19:58,40.7588323,-73.96258209999999,2.147,169381960,40.758819,-73.962551,2.961347,False
2023-01-30 01:19:59,40.7588316,-73.9625533,2.53,169381960,40.758821,-73.962549,1.173899,False
2023-01-30 01:20:00,40.7588268,-73.9625279,2.969,169381960,40.758821,-73.962549,1.92212,False
2023-01-30 01:20:01,40.7588221,-73.9625148,2.972,169381960,40.758821,-73.962549,2.923234,False
2023-01-30 01:20:02,40.7588181,-73.9625109,3.102,169381960,40.758821,-73.962549,3.268364,False
2023-01-30 01:20:03,40.7588163,-73.96250909999999,3.238,169381960,40.758821,-73.962549,3.444801,False
2023-01-30 01:20:04,40.758812,-73.9625028,3.5820000000000003,169381960,40.758821,-73.962549,4.060584,False
2023-01-30 01:20:05,40.7588089,-73.9625001,3.461,169381960,40.758821,-73.962549,4.375042,False
2023-01-30 01:20:06,40.7588044,-73.9624944,3.477,169381960,40.758821,-73.962549,4.995052,False
2023-01-30 01:20:07,40.7588003,-73.9624882,3.645,169381960,40.758821,-73.962549,5.650912,False
2023-01-30 01:20:08,40.758796,-73.9624836,3.855,169381960,40.758821,-73.962549,6.203821,False
2023-01-30 01:20:09,40.758792,-73.96247989999999,3.872,169381960,40.758821,-73.962549,6.684891,True
2023-01-30 01:20:10,40.7587882,-73.9624759,3.965,169381960,40.758821,-73.962549,7.184619,False
2023-01-30 01:20:11,40.7587838,-73.96247319999999,3.814,169381960,40.758821,-73.962549,7.63327,False
2023-01-30 01:20:12,40.7587808,-73.962471,3.833,169381960,40.758821,-73.962549,7.970263,False
2023-01-30 01:20:13,40.758779,-73.9624698,3.925,169381960,40.758821,-73.962549,8.166008,False
2023-01-30 01:20:14,40.758777,-73.9624695,3.942,169381960,40.758821,-73.962549,8.315042,False
2023-01-30 01:20:15,40.7587753,-73.9624688,3.822,169381960,40.758821,-73.962549,8.474031,False
2023-01-30 01:20:16,40.7587738,-73.962462,4.038,169381960,40.758821,-73.962549,9.031384,False
2023-01-30 01:20:17,40.7587746,-73.96245689999999,3.706,169381960,40.758821,-73.962549,9.332736,False
2023-01-30 01:20:18,40.758777,-73.9624499,3.997,169381960,40.758821,-73.962549,9.689328,False
2023-01-30 01:20:19,40.7587789,-73.9624441,4.005,169381960,40.758822,-73.962548,10.009347,False
2023-01-30 01:20:20,40.7587915,-73.9624315,3.986,169381960,40.758836,-73.962538,10.25592,False
2023-01-30 01:20:21,40.7588263,-73.962401,4.5680000000000005,169381960,40.758872,-73.962511,10.622051,False
2023-01-30 01:20:22,40.7588651,-73.9623702,4.7330000000000005,169381960,40.758912,-73.962482,10.79552,True
2023-01-30 01:20:23,40.7589135,-73.96233269999999,4.355,169381960,40.758961,-73.962447,10.974148,False
2023-01-30 01:20:24,40.7589722,-73.9622902,3.905,978320983,40.75902,-73.962403,10.915713,True
2023-01-30 01:20:25,40.7590418,-73.9622502,0.796,978320983,40.759085,-73.962355,10.102313,False
2023-01-30 01:20:26,40.7591146,-73.9622128,-3.033,978320983,40.759153,-73.962306,8.979204,True
2023-01-30 01:20:27,40.7591725,-73.9621726,-3.123,978320983,40.75921,-73.962265,8.853726,False
2023-01-30 01:20:28,40.7592254,-73.9621317,-3.037,978320981,40.759266,-73.962225,9.024756,True
2023-01-30 01:20:29,40.7592857,-73.9620915,-2.935,978320981,40.759324,-73.96218,8.62655,False
2023-01-30 01:20:30,40.7593584,-73.9620439,-3.416,978320981,40.759394,-73.962127,8.083505,True
2023-01-30 01:20:31,40.7594176,-73.9620023,-3.76,978320981,40.759452,-73.962083,7.84753,False
2023-01-30 01:20:32,40.7594952,-73.9619503,-5.313,978320981,40.759528,-73.962026,7.354452,True
2023-01-30 01:20:33,40.759572,-73.96191519999999,-8.832,978320981,40.759597,-73.961974,5.690296,False
2023-01-30 01:20:34,40.7596575,-73.9618624,-10.577,264546995,40.759679,-73.961913,4.889912,True
2023-01-30 01:20:35,40.759724,-73.96181589999999,-11.023,264546995,40.759744,-73.961866,4.779584,False
2023-01-30 01:20:36,40.759788,-73.9617681,-10.805,264546995,40.759809,-73.961819,4.915034,True
2023-01-30 01:20:37,40.7598293,-73.9617316,-10.63,264546995,40.759852,-73.961788,5.418412,False
2023-01-30 01:20:38,40.7599013,-73.96167969999999,-10.605,264546995,40.759924,-73.961736,5.43285,True
2023-01-30 01:20:39,40.7599507,-73.9615922,-10.517,264546995,40.75999,-73.961689,9.260367,False
2023-01-30 01:20:40,40.7599707,-73.9615523,-12.173,264546995,40.760018,-73.961669,11.139187,True
2023-01-30 01:20:41,40.760077,-73.96150659999999,-16.631,264546995,40.760115,-73.961599,8.885374,True
2023-01-30 01:20:42,40.7601539,-73.9614556,-19.836,264546995,40.760191,-73.961545,8.563872,False
2023-01-30 01:20:43,40.7602233,-73.9614082,-21.957,169381965,40.760252,-73.961501,8.394755,True
2023-01-30 01:20:44,40.7602965,-73.9613504,-21.771,169381965,40.760334,-73.961442,8.778341,False
2023-01-30 01:20:45,40.7603657,-73.9613055,-22.035,169381965,40.760402,-73.961394,8.435966,True
2023-01-30 01:20:46,40.7604315,-73.9612637,-21.882,169381965,40.760466,-73.961348,8.044603,False
2023-01-30 01:20:47,40.7605009,-73.96122299999999,-21.794,968393461,40.760539,-73.961295,7.424458,True
2023-01-30 01:20:48,40.7605671,-73.9611868,-21.944,968393461,40.760595,-73.961255,6.554208,False
2023-01-30 01:20:49,40.7606399,-73.9611496,-23.075,968393461,40.760663,-73.961206,5.45089,True
2023-01-30 01:20:50,40.7607004,-73.96111499999999,-24.091,968393461,40.760721,-73.961165,4.805205,False
2023-01-30 01:20:51,40.7607526,-73.9610816,-24.353,968393461,40.760772,-73.961128,4.509135,True
2023-01-30 01:20:52,40.7608197,-73.9610472,-24.391,968393461,40.760834,-73.961084,3.533417,False
2023-01-30 01:20:53,40.7608808,-73.9610031,-24.583,968393463,40.760896,-73.961039,3.477726,True
2023-01-30 01:20:54,40.7609565,-73.96095439999999,-24.392,968393463,40.760969,-73.960983,2.818703,False
2023-01-30 01:20:55,40.7610186,-73.9609148,-24.22,968393463,40.761028,-73.960938,2.261185,True
2023-01-30 01:20:56,40.7610889,-73.9608703,-24.012,968393463,40.761096,-73.960886,1.606185,False
2023-01-30 01:20:57,40.7611547,-73.9608264,-23.927,968393463,40.761159,-73.960838,1.156235,True
2023-01-30 01:20:58,40.7612159,-73.9607834,-24.008,968393463,40.761219,-73.960792,0.895094,False
2023-01-30 01:20:59,40.7612755,-73.9607479,-24.501,968393463,40.761276,-73.960749,0.178237,True
2023-01-30 01:21:00,40.7613353,-73.9607116,-24.985,968393463,40.761333,-73.960706,0.491629,False
2023-01-30 01:21:01,40.7613905,-73.9606715,-25.285,968393463,40.761387,-73.960664,0.631718,True
2023-01-30 01:21:02,40.7614428,-73.96063149999999,-25.576,968393463,40.76144,-73.960625,0.600319,False
2023-01-30 01:21:03,40.761495,-73.9605934,-25.693,968393465,40.761489,-73.960589,0.758871,True
2023-01-30 01:21:04,40.7615502,-73.960555,-25.545,968393465,40.761542,-73.96055,0.998675,False
2023-01-30 01:21:05,40.7616099,-73.9605125,-25.24,968393465,40.761606,-73.960503,0.887996,True
2023-01-30 01:21:06,40.7616784,-73.9604623,-25.141,968393465,40.761674,-73.960453,0.877568,False
2023-01-30 01:21:07,40.7617338,-73.96042059999999,-25.126,968393465,40.76173,-73.960412,0.788514,True
2023-01-30 01:21:08,40.7618001,-73.9603731,-24.861,968393465,40.761796,-73.960364,0.858122,False
2023-01-30 01:21:09,40.7618674,-73.9603248,-24.673,968393465,40.761863,-73.960315,0.922656,True
2023-01-30 01:21:10,40.7619334,-73.96027699999999,-24.578,968393465,40.761929,-73.960267,0.954219,False
2023-01-30 01:21:11,40.7619989,-73.9602261,-24.656,968393483,40.761995,-73.960218,0.735152,True
2023-01-30 01:21:12,40.7620648,-73.9601751,-24.982,968393483,40.762062,-73.960169,0.522968,False
2023-01-30 01:21:13,40.7621295,-73.960127,-26.044,968393467,40.762127,-73.960123,0.376362,True
2023-01-30 01:21:14,40.7622005,-73.9600712,-26.23,968393467,40.7622,-73.960071,0.067844,False
2023-01-30 01:21:15,40.7622777,-73.9600158,-26.441,968393467,40.762278,-73.960017,0.181837,True
2023-01-30 01:21:16,40.7623564,-73.95996149999999,-26.759,968393467,40.762356,-73.959962,0.136894,False
2023-01-30 01:21:17,40.7624352,-73.95991029999999,-27.376,968393467,40.762434,-73.959908,0.142749,True
2023-01-30 01:21:18,40.7625091,-73.9598589,-28.064,968393467,40.762508,-73.959857,0.154458,False
2023-01-30 01:21:19,40.7625798,-73.9598111,-28.997,968393467,40.762578,-73.959808,0.267417,True
2023-01-30 01:21:20,40.7626461,-73.95976519999999,-30.156,968393467,40.762644,-73.959762,0.293762,False
2023-01-30 01:21:21,40.7627131,-73.9597213,-31.442,968393467,40.76271,-73.959715,0.527814,True
2023-01-30 01:21:22,40.7627777,-73.9596758,-32.613,968393469,40.762775,-73.959669,0.594753,False
2023-01-30 01:21:23,40.7628387,-73.9596325,-33.928,968393469,40.762835,-73.959625,0.666541,True
2023-01-30 01:21:24,40.7628966,-73.95958929999999,-35.244,968393469,40.762894,-73.959583,0.585025,False
2023-01-30 01:21:25,40.7629497,-73.95954739999999,-36.651,968393469,40.762948,-73.959543,0.342905,True
2023-01-30 01:21:26,40.7630072,-73.95949929999999,-37.532,968393469,40.763007,-73.9595,0.119408,False
2023-01-30 01:21:27,40.763081,-73.9594472,-37.739,968393469,40.763081,-73.959447,0.005925,True
2023-01-30 01:21:28,40.7631614,-73.9593859,-37.546,968393469,40.763162,-73.959388,0.215398,True
2023-01-30 01:21:29,40.7632465,-73.9593141,-37.568,968393469,40.76325,-73.959323,0.944518,True
2023-01-30 01:21:30,40.7633249,-73.9592469,-35.607,968393469,40.763332,-73.959264,1.674441,True
2023-01-30 01:21:31,40.7633958,-73.95919649999999,-34.636,968393470,40.763402,-73.959213,1.57309,False
2023-01-30 01:21:32,40.7634667,-73.9591403,-34.222,968393470,40.763474,-73.959159,1.820947,True
2023-01-30 01:21:33,40.7635288,-73.959085,-34.346000000000004,968393470,40.763539,-73.95911,2.416775,False
2023-01-30 01:21:34,40.7635799,-73.9590427,-33.118,968393470,40.763591,-73.95907,2.674357,True
2023-01-30 01:21:35,40.7636439,-73.9589977,-30.54,968393470,40.763654,-73.959022,2.417588,False
2023-01-30 01:21:36,40.7637003,-73.95895519999999,-28.633,968393470,40.763711,-73.95898,2.397817,True
2023-01-30 01:21:37,40.763756,-73.9589131,-27.747,968393470,40.763766,-73.958937,2.387548,False
2023-01-30 01:21:38,40.7638183,-73.958866,-26.994,968393470,40.763829,-73.95889,2.376897,True
2023-01-30 01:21:39,40.763873,-73.9588234,-26.006,968393471,40.763884,-73.958849,2.539524,False
2023-01-30 01:21:40,40.7639431,-73.95877329999999,-24.94,968393471,40.763953,-73.958798,2.424495,True
2023-01-30 01:21:41,40.7640177,-73.9587246,-24.009,968393472,40.764026,-73.958744,1.895079,False
2023-01-30 01:21:42,40.7640915,-73.9586745,-23.162,968393472,40.764098,-73.958689,1.489137,True
2023-01-30 01:21:43,40.7641608,-73.95863039999999,-22.18,968393472,40.764164,-73.958639,0.874749,False
2023-01-30 01:21:44,40.7642282,-73.958589,-21.212,968393472,40.764228,-73.95859,0.168944,True
2023-01-30 01:21:45,40.7642785,-73.9585644,-20.938,968393472,40.764274,-73.958555,0.815007,False
2023-01-30 01:21:46,40.7643256,-73.9585469,-19.966,968393472,40.764315,-73.958524,2.138283,True
2023-01-30 01:21:47,40.7643585,-73.958541,-21.803,968393472,40.764342,-73.958504,3.521826,False
2023-01-30 01:21:48,40.7643839,-73.9585385,-22.923,968393472,40.764362,-73.958489,4.739195,False
2023-01-30 01:21:49,40.7643924,-73.9585281,-23.364,968393472,40.764372,-73.958482,4.452138,False
2023-01-30 01:21:50,40.7643974,-73.9585159,-23.384,968393472,40.76438,-73.958476,3.841611,False
2023-01-30 01:21:51,40.7644022,-73.9585086,-23.393,968393472,40.764386,-73.958471,3.575882,False
2023-01-30 01:21:52,40.7644099,-73.9585036,-22.835,968393472,40.764393,-73.958465,3.636885,True
2023-01-30 01:21:53,40.7644142,-73.95849969999999,-22.355,968393472,40.764398,-73.958462,3.59051,False
2023-01-30 01:21:54,40.7644191,-73.9584943,-21.59,968393472,40.764403,-73.958458,3.468257,False
2023-01-30 01:21:55,40.7644215,-73.958491,-21.172,968393472,40.764406,-73.958456,3.360808,False
2023-01-30 01:21:56,40.7644245,-73.95848459999999,-20.564,968393472,40.76441,-73.958452,3.061297,False
2023-01-30 01:21:57,40.7644273,-73.9584768,-19.776,968393472,40.764415,-73.958449,2.649111,False
2023-01-30 01:21:58,40.7644312,-73.9584699,-19.139,968393472,40.76442,-73.958445,2.362861,False
2023-01-30 01:21:59,40.7644345,-73.9584637,-18.531,968393472,40.764425,-73.958442,2.094396,False
2023-01-30 01:22:00,40.7644369,-73.95845709999999,-17.921,968393472,40.764429,-73.958439,1.747318,False
2023-01-30 01:22:01,40.7644401,-73.95845059999999,-17.153,968393472,40.764433,-73.958435,1.451561,False
2023-01-30 01:22:02,40.7644417,-73.9584453,-16.672,968393472,40.764436,-73.958433,1.154822,False
2023-01-30 01:22:03,40.7644444,-73.9584414,-16.153,968393472,40.764439,-73.95843,1.020327,False
2023-01-30 01:22:04,40.7644447,-73.9584373,-15.771,968393472,40.764441,-73.958429,0.739128,False
2023-01-30 01:22:05,40.764446,-73.9584347,-15.435,968393472,40.764443,-73.958428,0.621927,False
2023-01-30 01:22:06,40.7644458,-73.9584323,-15.32,968393472,40.764443,-73.958427,0.436636,False
2023-01-30 01:22:07,40.7644485,-73.9584297,-14.863,968393472,40.764446,-73.958425,0.39654,False
2023-01-30 01:22:08,40.7644496,-73.9584256,-14.436,968393472,40.764448,-73.958423,0.159401,False
2023-01-30 01:22:09,40.7644545,-73.9584208,-13.878,968393475,40.764461,-73.958413,1.005951,False
2023-01-30 01:22:10,40.7644619,-73.9584144,-13.404,968393475,40.764461,-73.958413,0.035275,False
2023-01-30 01:22:11,40.7644695,-73.9584071,-13.181,968393475,40.764469,-73.958408,0.09591,True
2023-01-30 01:22:12,40.764479,-73.9584014,-13.023,968393475,40.764478,-73.958401,0.004345,False
2023-01-30 01:22:13,40.7644826,-73.95840009999999,-12.917,968393475,40.764482,-73.958399,0.105066,False
2023-01-30 01:22:14,40.7644847,-73.9584009,-12.915,968393475,40.764483,-73.958398,0.277487,False
2023-01-30 01:22:15,40.7644901,-73.95840009999999,-12.885,968393475,40.764487,-73.958394,0.512451,False
2023-01-30 01:22:16,40.7644953,-73.9583998,-12.922,968393475,40.764491,-73.958391,0.773022,False
2023-01-30 01:22:17,40.7644968,-73.9584021,-12.936,968393475,40.764492,-73.958391,1.022263,False
2023-01-30 01:22:18,40.7644978,-73.9584058,-13.005,968393475,40.764492,-73.958391,1.347625,False
2023-01-30 01:22:19,40.7644987,-73.9584088,-13.022,968393475,40.764492,-73.958391,1.616832,False
2023-01-30 01:22:20,40.7644993,-73.9584112,-12.931,968393475,40.764492,-73.958391,1.826717,False
2023-01-30 01:22:21,40.7644998,-73.95841419999999,-12.883,968393475,40.764492,-73.958391,2.07833,False
2023-01-30 01:22:22,40.7645002,-73.95841639999999,-12.774,968393475,40.764492,-73.958391,2.265077,False
2023-01-30 01:22:23,40.7645004,-73.9584189,-12.787,968393475,40.764492,-73.958391,2.467384,False
2023-01-30 01:22:24,40.7645012,-73.9584211,-12.657,968393475,40.764492,-73.958391,2.671235,False
2023-01-30 01:22:25,40.7645022,-73.9584235,-12.554,968393475,40.764492,-73.958391,2.899007,False
2023-01-30 01:22:26,40.7645031,-73.95842549999999,-12.47,968393475,40.764492,-73.958391,3.091851,False
2023-01-30 01:22:27,40.7645041,-73.9584282,-12.535,968393475,40.764492,-73.958391,3.343171,False
2023-01-30 01:22:28,40.7645051,-73.9584306,-12.559,968393475,40.764492,-73.958391,3.571477,False
2023-01-30 01:22:29,40.7645062,-73.9584328,-12.57,968393475,40.764492,-73.958391,3.789075,False
2023-01-30 01:22:30,40.7645075,-73.95843479999999,-12.554,968393475,40.764492,-73.958391,4.00105,False
2023-01-30 01:22:31,40.7645089,-73.9584368,-12.565,968393475,40.764492,-73.958391,4.218733,False
2023-01-30 01:22:32,40.7645099,-73.9584383,-12.562,968393475,40.764492,-73.958391,4.380224,False
2023-01-30 01:22:33,40.7645109,-73.95844029999999,-12.655,968393475,40.764492,-73.958391,4.579489,False
2023-01-30 01:22:34,40.7645117,-73.95844079999999,-12.606,968393475,40.764492,-73.958391,4.657081,False
2023-01-30 01:22:35,40.7645126,-73.9584404,-12.484,968393475,40.764492,-73.958391,4.674449,False
2023-01-30 01:22:36,40.7645135,-73.9584405,-12.412,968393475,40.764492,-73.958391,4.730317,False
2023-01-30 01:22:37,40.764514,-73.9584414,-12.428,968393475,40.764492,-73.958391,4.823123,False
2023-01-30 01:22:38,40.7645147,-73.9584422,-12.409,968393475,40.764492,-73.958391,4.919498,False
2023-01-30 01:22:39,40.7645154,-73.95844269999999,-12.342,968393475,40.764493,-73.95839,4.993992,False
2023-01-30 01:22:40,40.7645163,-73.9584441,-12.332,968393475,40.764493,-73.95839,5.144995,False
2023-01-30 01:22:41,40.764517,-73.9584462,-12.385,968393475,40.764493,-73.95839,5.336228,False
2023-01-30 01:22:42,40.7645174,-73.95844869999999,-12.492,968393475,40.764493,-73.95839,5.540901,False
2023-01-30 01:22:43,40.7645179,-73.9584514,-12.564,968393475,40.764493,-73.95839,5.76623,False
2023-01-30 01:22:44,40.7645185,-73.9584545,-12.659,968393475,40.764493,-73.95839,6.026955,False
2023-01-30 01:22:45,40.7645189,-73.9584576,-12.756,968393475,40.764493,-73.95839,6.278342,False
2023-01-30 01:22:46,40.76452,-73.9584608,-12.776,968393475,40.764493,-73.95839,6.572417,False
2023-01-30 01:22:47,40.76452115,-73.958463575,-12.7645,968393475,40.764493,-73.95839,6.837175875,False
2023-01-30 01:22:48,40.764522299999996,-73.95846635,-12.753,968393475,40.764493,-73.95839,7.10193475,False
2023-01-30 01:22:49,40.76452345,-73.958469125,-12.7415,968393475,40.764493,-73.95839,7.366693625,False
2023-01-30 01:22:50,40.7645246,-73.9584719,-12.73,968393475,40.764493,-73.95839,7.6314525,False
2023-01-30 01:22:51,40.76452575,-73.958474675,-12.718499999999999,968393475,40.764493,-73.95839,7.896211375,False
2023-01-30 01:22:52,40.7645269,-73.95847745,-12.706999999999999,968393475,40.764493,-73.95839,8.16097025,False
2023-01-30 01:22:53,40.764528049999996,-73.958480225,-12.6955,968393475,40.764493,-73.95839,8.425729125,False
2023-01-30 01:22:54,40.7645292,-73.958483,-12.684,968393475,40.764493,-73.95839,8.690488,False
2023-01-30 01:22:55,40.7645308,-73.9584816,-12.867,968393475,40.764493,-73.95839,8.669137,False
2023-01-30 01:22:56,40.7645459,-73.9584732,-13.02,968393475,40.764556,-73.958344,10.87712,True
2023-01-30 01:22:57,40.7645728,-73.9584591,-13.218,968393475,40.764556,-73.958344,9.816208,False
2023-01-30 01:22:58,40.7646019,-73.9584426,-13.393,5670572,40.764657,-73.958401,7.001183,False
2023-01-30 01:22:59,40.7646302,-73.9584307,-13.46,5670572,40.76466,-73.958408,3.784094,False
2023-01-30 01:23:00,40.7646576,-73.9584283,-13.458,5670572,40.764665,-73.958422,1.042483,True
2023-01-30 01:23:01,40.7646871,-73.958438,-13.461,5670572,40.76468,-73.958458,1.805564,False
2023-01-30 01:23:02,40.7647208,-73.9584656,-13.427,5670572,40.764692,-73.958486,3.53661,False
2023-01-30 01:23:03,40.7647527,-73.9585111,-13.208,5670572,40.764715,-73.958538,4.767345,True
2023-01-30 01:23:04,40.7647833,-73.9585682,-12.395,5670572,40.76474,-73.958599,5.400352,False
2023-01-30 01:23:05,40.7648144,-73.9586401,-12.172,5670572,40.764771,-73.958671,5.479331,True
2023-01-30 01:23:06,40.7648529,-73.9587207,-12.697,5670572,40.764806,-73.958755,5.9193,False
2023-01-30 01:23:07,40.7648944,-73.9588204,-12.426,5670572,40.764847,-73.958854,5.871814,True
2023-01-30 01:23:08,40.7649314,-73.9589089,-12.057,5670572,40.764885,-73.958942,5.845316,False
2023-01-30 01:23:09,40.7649696,-73.9590041,-12.045,5670572,40.764924,-73.959036,5.662092,True
2023-01-30 01:23:10,40.7650103,-73.95910289999999,-12.598,5670572,40.764966,-73.959135,5.57393,False
2023-01-30 01:23:11,40.765058,-73.9592251,-12.682,5670572,40.765016,-73.959255,5.209833,True
2023-01-30 01:23:12,40.7651019,-73.9593374,-12.976,5670572,40.765063,-73.959365,4.881456,True
2023-01-30 01:23:13,40.7651394,-73.9594347,-12.82,5670572,40.765103,-73.959461,4.545123,False
2023-01-30 01:23:14,40.7651715,-73.9595415,-12.851,5670572,40.765145,-73.95956,3.300344,True
2023-01-30 01:23:15,40.7652266,-73.95967279999999,-13.65,5670572,40.7652,-73.959691,3.280958,True
2023-01-30 01:23:16,40.7652638,-73.9597895,-14.595,5670572,40.765246,-73.959801,2.126079,True
2023-01-30 01:23:17,40.7653085,-73.959892,-14.361,5670572,40.76529,-73.959905,2.273856,False
2023-01-30 01:23:18,40.7653597,-73.960017,-14.777,5670572,40.765342,-73.960029,2.134012,True
2023-01-30 01:23:19,40.7653984,-73.96010609999999,-15.747,5670572,40.76538,-73.960119,2.247367,False
2023-01-30 01:23:20,40.7654411,-73.96019969999999,-17.249,5670572,40.76542,-73.960214,2.564101,True
2023-01-30 01:23:21,40.7654777,-73.9603008,-17.398,5670572,40.765462,-73.960312,1.986146,False
2023-01-30 01:23:22,40.7655133,-73.9603769,-18.98,5670572,40.765494,-73.96039,2.32903,True
2023-01-30 01:23:23,40.7655351,-73.96043829999999,-23.461,5670572,40.765519,-73.960449,1.936679,False
2023-01-30 01:23:24,40.7655387,-73.9604988,-25.696,5670572,40.76554,-73.960497,0.177725,True
2023-01-30 01:23:25,40.7655311,-73.9605601,-27.19,5670572,40.765558,-73.96054,3.406955,False
2023-01-30 01:23:26,40.7655218,-73.9606251,-27.448,5670572,40.765577,-73.96059,6.787634,True
2023-01-30 01:23:27,40.7654795,-73.96067819999999,-26.721,461593096,40.765561,-73.960728,9.929442,False
2023-01-30 01:23:28,40.7654355,-73.9606943,-27.431,461593096,40.765475,-73.96079,9.199024,True
2023-01-30 01:23:29,40.7653666,-73.9607515,-26.93,461593096,40.765404,-73.960842,8.705746,False
2023-01-30 01:23:30,40.7652983,-73.960801,-27.681,461593096,40.765336,-73.960892,8.744156,True
2023-01-30 01:23:31,40.7652531,-73.9608341,-27.642,461593096,40.765291,-73.960925,8.74456,False
2023-01-30 01:23:32,40.7652232,-73.9608638,-27.823,461593096,40.765259,-73.960949,8.173328,False
2023-01-30 01:23:33,40.7652035,-73.96088639999999,-27.756,461593096,40.765236,-73.960965,7.574949,True
2023-01-30 01:23:34,40.7651965,-73.9609049,-26.609,461593096,40.765225,-73.960973,6.595644,False
2023-01-30 01:23:35,40.7652016,-73.9609147,-23.564,461593096,40.765225,-73.960973,5.605257,False
2023-01-30 01:23:36,40.7652016,-73.960922,-20.481,461593096,40.765223,-73.960974,5.069875,False
2023-01-30 01:23:37,40.7652037,-73.9609289,-18.854,461593096,40.765223,-73.960975,4.451956,False
2023-01-30 01:23:38,40.7652022,-73.96093859999999,-16.583000000000002,461593096,40.765218,-73.960978,3.822079,False
2023-01-30 01:23:39,40.7651984,-73.9609475,-14.528,461593096,40.765213,-73.960982,3.374148,False
2023-01-30 01:23:40,40.7651946,-73.9609531,-12.628,461593096,40.765208,-73.960986,3.167875,False
2023-01-30 01:23:41,40.765192,-73.9609541,-11.684,461593096,40.765206,-73.960987,3.234096,False
2023-01-30 01:23:42,40.7651903,-73.9609528,-11.187,461593096,40.765205,-73.960988,3.420475,False
2023-01-30 01:23:43,40.7651854,-73.9609488,-10.5,461593096,40.765202,-73.96099,3.976206,False
2023-01-30 01:23:44,40.7651853,-73.9609504,-9.828,461593096,40.765202,-73.96099,3.864402,False
2023-01-30 01:23:45,40.7651885,-73.96096399999999,-8.688,461593096,40.7652,-73.960992,2.696844,False
2023-01-30 01:23:46,40.7651791,-73.9609759,-7.796,461593096,40.765189,-73.961,2.32958,False
2023-01-30 01:23:47,40.7651582,-73.96098669999999,-7.186,461593096,40.765169,-73.961014,2.659672,False
2023-01-30 01:23:48,40.7651385,-73.9610065,-6.828,461593096,40.765148,-73.96103,2.266334,True
2023-01-30 01:23:49,40.7650974,-73.961028,-5.45,461593096,40.76511,-73.961058,2.896298,False
2023-01-30 01:23:50,40.7650613,-73.9610522,-4.716,461593096,40.765074,-73.961084,3.060366,False
2023-01-30 01:23:51,40.765023,-73.961085,-3.821,461593096,40.765034,-73.961113,2.698968,True
2023-01-30 01:23:52,40.7649792,-73.9611204,-2.836,1023290075,40.764989,-73.961145,2.409965,False
2023-01-30 01:23:53,40.7649633,-73.96118059999999,-2.778,1023290075,40.764958,-73.961167,1.209221,True
2023-01-30 01:23:54,40.7649277,-73.9612211,-1.503,1023290075,40.764917,-73.961197,2.309839,False
2023-01-30 01:23:55,40.7648835,-73.96125479999999,-0.858,686125784,40.764872,-73.96123,2.361028,True
2023-01-30 01:23:56,40.7648229,-73.9612865,0.842,686125784,40.764816,-73.961272,1.359822,False
2023-01-30 01:23:57,40.7647733,-73.9613213,1.663,686125784,40.764768,-73.961308,1.185066,True
2023-01-30 01:23:58,40.764721,-73.9613607,2.144,686125784,40.764715,-73.961348,1.19781,False
2023-01-30 01:23:59,40.7646695,-73.9613991,2.47,686125784,40.764664,-73.961386,1.201998,True
2023-01-30 01:24:00,40.7646178,-73.9614338,3.263,686125784,40.764613,-73.961423,0.971172,False
2023-01-30 01:24:01,40.7645614,-73.96147839999999,3.402,1030119885,40.764556,-73.961465,1.197812,True
2023-01-30 01:24:02,40.764515,-73.9615129,2.464,1030119885,40.764509,-73.9615,1.175968,False
2023-01-30 01:24:03,40.7644809,-73.9615505,3.744,1030119885,40.764471,-73.961529,2.051574,True
2023-01-30 01:24:04,40.764427,-73.9615863,5.845,1030119885,40.764419,-73.961568,1.719238,False
2023-01-30 01:24:05,40.7643823,-73.9616242,7.474,1030119886,40.764367,-73.961607,2.22182,True
2023-01-30 01:24:06,40.7643396,-73.96166509999999,9.501,1030119886,40.764327,-73.961635,2.853014,False
2023-01-30 01:24:07,40.7642867,-73.9617085,10.494,1030119886,40.764272,-73.961674,3.236332,True
2023-01-30 01:24:08,40.7642344,-73.961747,12.091,1030119886,40.76422,-73.961712,3.272377,False
2023-01-30 01:24:09,40.7641831,-73.96177879999999,12.959,1030119886,40.76417,-73.961748,2.870198,True
2023-01-30 01:24:10,40.7641289,-73.9618188,12.908,1030119886,40.764116,-73.961788,2.914986,False
2023-01-30 01:24:11,40.7640806,-73.96184459999999,12.557,1030119886,40.76407,-73.961821,2.232573,True
2023-01-30 01:24:12,40.7640078,-73.9618634,11.756,1030119886,40.764008,-73.961866,0.269656,False
2023-01-30 01:24:13,40.7639238,-73.9618704,11.567,1030119887,40.763942,-73.961914,4.221019,True
2023-01-30 01:24:14,40.7638764,-73.9619046,12.588,1030119887,40.763894,-73.961948,4.214027,False
2023-01-30 01:24:15,40.7638233,-73.96194559999999,13.263,1030119887,40.76384,-73.961987,4.008583,True
2023-01-30 01:24:16,40.7637598,-73.96198989999999,14.732,1030119887,40.763777,-73.962033,4.125718,False
2023-01-30 01:24:17,40.7637024,-73.96204089999999,16.158,686125787,40.763717,-73.962076,3.444189,True
2023-01-30 01:24:18,40.7636737,-73.96207849999999,17.362000000000002,686125787,40.763683,-73.962101,2.211462,False
2023-01-30 01:24:19,40.7636216,-73.96212469999999,17.761,686125787,40.763628,-73.962141,1.575606,True
2023-01-30 01:24:20,40.7635671,-73.96215819999999,18.107,686125787,40.763575,-73.962179,2.000481,False
2023-01-30 01:24:21,40.76351,-73.96218069999999,18.769,686125787,40.763524,-73.962216,3.386974,True
2023-01-30 01:24:22,40.7634572,-73.962183,18.552,686125787,40.763483,-73.962246,6.027551,False
2023-01-30 01:24:23,40.763405,-73.9622186,18.881,686125787,40.763431,-73.962283,6.191654,True
2023-01-30 01:24:24,40.7633647,-73.96225059999999,17.974,686125787,40.76339,-73.962313,5.986849,False
2023-01-30 01:24:25,40.7633246,-73.9623055,14.215,686125787,40.763342,-73.962348,4.09031,True
2023-01-30 01:24:26,40.7632786,-73.962355,8.448,686125787,40.763291,-73.962385,2.904117,False
2023-01-30 01:24:27,40.76328,-73.9624286,6.956,686125787,40.763268,-73.962401,2.573357,True
2023-01-30 01:24:28,40.7633016,-73.96251819999999,7.01,686125787,40.763256,-73.96241,10.300209,True
