time,latitude,longitude,altitude,osm_way_id,matched_latitude,matched_longitude,matched_distance,matched_type
2022-09-10 00:52:16,40.7172436,-73.98385549999999,-13.328,521358279,40.717253,-73.98385,1.126297,True
2022-09-10 00:52:17,40.7172472,-73.9838686,-13.473,521358279,40.717256,-73.983863,1.164538,False
2022-09-10 00:52:18,40.7172538,-73.98389159999999,-13.622,521358279,40.717263,-73.983886,1.202996,False
2022-09-10 00:52:19,40.717261,-73.983916,-13.804,521358279,40.717271,-73.98391,1.223443,False
2022-09-10 00:52:20,40.7172683,-73.9839399,-13.918,521358279,40.717278,-73.983934,1.218059,False
2022-09-10 00:52:21,40.7172752,-73.983964,-14.031,521358279,40.717285,-73.983958,1.259964,False
2022-09-10 00:52:22,40.7172824,-73.9839875,-14.115,521358279,40.717292,-73.983981,1.252394,True
2022-09-10 00:52:23,40.717289,-73.9840107,-14.351,521358279,40.717299,-73.984004,1.297079,False
2022-09-10 00:52:24,40.717296,-73.98403549999999,-14.46,521358279,40.717307,-73.984029,1.350509,False
2022-09-10 00:52:25,40.7173034,-73.9840612,-14.572,521358279,40.717315,-73.984055,1.390893,False
2022-09-10 00:52:26,40.7173108,-73.9840865,-14.754,521358279,40.717322,-73.98408,1.418826,False
2022-09-10 00:52:27,40.7173182,-73.9841115,-14.763,521358279,40.71733,-73.984105,1.437419,True
2022-09-10 00:52:28,40.7173254,-73.9841356,-14.803,521358279,40.717337,-73.984129,1.448527,False
2022-09-10 00:52:29,40.7173326,-73.9841589,-14.761,521358279,40.717344,-73.984152,1.434731,False
2022-09-10 00:52:30,40.717339,-73.9841812,-14.887,40337691,40.717351,-73.984174,1.459648,False
2022-09-10 00:52:31,40.7173458,-73.9842039,-15.096,40337691,40.717358,-73.984197,1.452544,False
2022-09-10 00:52:32,40.7173532,-73.98422939999999,-15.089,40337691,40.717365,-73.984223,1.46915,True
2022-09-10 00:52:33,40.7173615,-73.9842555,-15.063,40337691,40.717373,-73.984249,1.411404,False
2022-09-10 00:52:34,40.7173698,-73.9842833,-15.058,40337691,40.717381,-73.984277,1.405562,False
2022-09-10 00:52:35,40.7173786,-73.9843136,-15.17,40337691,40.71739,-73.984307,1.424567,False
2022-09-10 00:52:36,40.7173889,-73.98434879999999,-15.184,40337691,40.717401,-73.984342,1.438727,True
2022-09-10 00:52:37,40.7174007,-73.9843875,-15.253,40337691,40.717412,-73.984381,1.405297,False
2022-09-10 00:52:38,40.7174128,-73.9844273,-15.294,40337691,40.717424,-73.984421,1.374563,False
2022-09-10 00:52:39,40.7174261,-73.9844674,-15.48,40337691,40.717436,-73.984462,1.229427,True
2022-09-10 00:52:40,40.717439,-73.98450799999999,-15.686,40337691,40.717448,-73.984503,1.140744,False
2022-09-10 00:52:41,40.717451,-73.9845486,-15.88,40337691,40.71746,-73.984543,1.144732,False
2022-09-10 00:52:42,40.717462,-73.98458339999999,-15.985,40337691,40.717471,-73.984578,1.074601,True
2022-09-10 00:52:43,40.7174709,-73.9846115,-15.579,40337691,40.717479,-73.984607,1.016139,False
2022-09-10 00:52:44,40.7174781,-73.98463319999999,-15.311,40337691,40.717485,-73.984629,0.937316,False
2022-09-10 00:52:45,40.7174833,-73.9846525,-15.348,40337691,40.717491,-73.984648,0.991152,False
2022-09-10 00:52:46,40.7174899,-73.9846713,-15.38,40337691,40.717497,-73.984667,0.885568,False
2022-09-10 00:52:47,40.7174962,-73.9846924,-15.316,40337691,40.717503,-73.984688,0.881097,False
2022-09-10 00:52:48,40.7175011,-73.9847162,-15.334,40337691,40.71751,-73.984711,1.103217,True
2022-09-10 00:52:49,40.7175083,-73.9847449,-15.165,40337691,40.717518,-73.984739,1.238119,False
2022-09-10 00:52:50,40.7175175,-73.984776,-15.058,40337691,40.717527,-73.98477,1.240362,False
2022-09-10 00:52:51,40.7175266,-73.984805,-15.039,40337691,40.717536,-73.984799,1.188785,False
2022-09-10 00:52:52,40.7175349,-73.9848301,-15.225,40337691,40.717544,-73.984825,1.100507,True
2022-09-10 00:52:53,40.7175408,-73.9848536,-15.479,40337691,40.71755,-73.984848,1.2105,False
2022-09-10 00:52:54,40.7175451,-73.98486969999999,-15.673,40337691,40.717555,-73.984864,1.259304,False
2022-09-10 00:52:55,40.7175473,-73.98487659999999,-15.734,40337691,40.717557,-73.984871,1.243446,False
2022-09-10 00:52:56,40.7175485,-73.984877,-15.739,40337691,40.717558,-73.984872,1.132098,False
2022-09-10 00:52:57,40.717549,-73.9848768,-15.783,40337691,40.717558,-73.984872,1.074508,False
2022-09-10 00:52:58,40.7175491,-73.9848768,-15.827,40337691,40.717558,-73.984872,1.064211,False
2022-09-10 00:52:59,40.71755,-73.9848765,-15.765,40337691,40.717558,-73.984872,0.962381,False
2022-09-10 00:53:00,40.7175507,-73.9848758,-15.838,40337691,40.717558,-73.984872,0.869333,False
2022-09-10 00:53:01,40.7175517,-73.98487539999999,-15.858,40337691,40.717558,-73.984872,0.75395,False
2022-09-10 00:53:02,40.7175532,-73.9848749,-15.824,40337691,40.717558,-73.984872,0.584033,False
2022-09-10 00:53:03,40.7175542,-73.9848741,-15.883,40337691,40.717558,-73.984872,0.457177,False
2022-09-10 00:53:04,40.7175551,-73.984873,-16.005,40337691,40.717558,-73.984872,0.338084,False
2022-09-10 00:53:05,40.7175559,-73.9848722,-16.075,40337691,40.717558,-73.984872,0.245731,False
2022-09-10 00:53:06,40.7175565,-73.98487089999999,-16.196,40337691,40.717558,-73.984872,0.21688,False
2022-09-10 00:53:07,40.717557,-73.98486989999999,-16.365000000000002,40337691,40.717558,-73.984872,0.240503,False
2022-09-10 00:53:08,40.717557,-73.9848688,-16.546,40337691,40.717558,-73.984872,0.32305,False
2022-09-10 00:53:09,40.7175575,-73.9848676,-16.735,40337691,40.717558,-73.984872,0.404806,False
2022-09-10 00:53:10,40.7175572,-73.984867,-16.924,40337691,40.717558,-73.984872,0.460608,False
2022-09-10 00:53:11,40.7175569,-73.9848663,-17.102,40337691,40.717558,-73.984872,0.525501,False
2022-09-10 00:53:12,40.7175565,-73.9848659,-17.272000000000002,40337691,40.717558,-73.984872,0.570268,False
2022-09-10 00:53:13,40.7175562,-73.9848655,-17.397000000000002,40337691,40.717558,-73.984872,0.612866,False
2022-09-10 00:53:14,40.717556,-73.9848652,-17.516000000000002,40337691,40.717558,-73.984872,0.644221,False
2022-09-10 00:53:15,40.7175554,-73.98486489999999,-17.657,40337691,40.717558,-73.984872,0.693769,False
2022-09-10 00:53:16,40.7175548,-73.98486489999999,-17.796,40337691,40.717558,-73.984872,0.724987,False
2022-09-10 00:53:17,40.7175541,-73.9848652,-17.914,40337691,40.717558,-73.984872,0.746724,False
2022-09-10 00:53:18,40.7175534,-73.98486559999999,-18.017,40337691,40.717558,-73.984872,0.770238,False
2022-09-10 00:53:19,40.7175524,-73.98486609999999,-18.135,40337691,40.717558,-73.984872,0.821675,False
2022-09-10 00:53:20,40.7175517,-73.984867,-18.168,40337691,40.717558,-73.984872,0.83998,False
2022-09-10 00:53:21,40.7175516,-73.9848678,-18.134,40337691,40.717558,-73.984872,0.815868,False
2022-09-10 00:53:22,40.7175507,-73.9848702,-18.101,40337691,40.717558,-73.984872,0.84006,False
2022-09-10 00:53:23,40.7175497,-73.984872,-18.2,40337691,40.717558,-73.984872,0.931367,False
2022-09-10 00:53:24,40.7175489,-73.9848738,-18.248,40337691,40.717558,-73.984872,1.026439,False
2022-09-10 00:53:25,40.717548,-73.98487469999999,-18.32,40337691,40.717558,-73.984872,1.135882,False
2022-09-10 00:53:26,40.7175489,-73.9848804,-18.237,40337691,40.717558,-73.984875,1.19472,False
2022-09-10 00:53:27,40.7175497,-73.9848871,-18.201,40337691,40.71756,-73.984881,1.31691,False
2022-09-10 00:53:28,40.7175486,-73.9848888,-18.37,40337691,40.717561,-73.984882,1.482079,False
2022-09-10 00:53:29,40.7175503,-73.98489579999999,-18.414,40337691,40.717563,-73.984889,1.520758,False
2022-09-10 00:53:30,40.7175536,-73.9849069,-18.387,40337691,40.717566,-73.9849,1.51987,False
2022-09-10 00:53:31,40.7175597,-73.9849247,-18.411,40337691,40.717571,-73.984918,1.435237,False
2022-09-10 00:53:32,40.7175664,-73.9849478,-18.485,40337691,40.717578,-73.984941,1.450643,True
2022-09-10 00:53:33,40.7175751,-73.9849752,-18.446,40337691,40.717586,-73.984969,1.391402,False
2022-09-10 00:53:34,40.7175843,-73.9850067,-18.501,40337691,40.717596,-73.985,1.405858,False
2022-09-10 00:53:35,40.717595,-73.9850446,-18.602,40337691,40.717607,-73.985038,1.461267,False
2022-09-10 00:53:36,40.7176093,-73.9850866,-18.898,40337691,40.71762,-73.985081,1.271174,True
2022-09-10 00:53:37,40.7176262,-73.98513779999999,-19.11,40337691,40.717635,-73.985133,1.09426,False
2022-09-10 00:53:38,40.7176435,-73.9851944,-19.658,40337691,40.717652,-73.985189,1.041031,False
2022-09-10 00:53:39,40.7176563,-73.98523569999999,-19.937,40337691,40.717664,-73.985231,0.984018,True
2022-09-10 00:53:40,40.7176663,-73.9852674,-20.369,40337691,40.717674,-73.985263,0.922206,False
2022-09-10 00:53:41,40.7176738,-73.9852915,-20.572,40337691,40.717681,-73.985287,0.88577,False
2022-09-10 00:53:42,40.7176793,-73.98530749999999,-20.628,40337691,40.717686,-73.985303,0.80796,False
2022-09-10 00:53:43,40.7176853,-73.9853236,-20.547,40337691,40.717691,-73.98532,0.68172,False
2022-09-10 00:53:44,40.7176901,-73.9853399,-20.554,40337691,40.717695,-73.985336,0.685147,False
2022-09-10 00:53:45,40.717695,-73.9853569,-20.653,40337691,40.7177,-73.985353,0.699649,True
2022-09-10 00:53:46,40.717701,-73.9853768,-20.713,40337691,40.717706,-73.985373,0.689431,False
2022-09-10 00:53:47,40.7177079,-73.985399,-20.657,40337691,40.717713,-73.985396,0.656764,False
2022-09-10 00:53:48,40.7177148,-73.98542139999999,-20.624,40337691,40.71772,-73.985418,0.630205,False
2022-09-10 00:53:49,40.7177192,-73.9854371,-20.582,40337691,40.717724,-73.985434,0.6565,False
2022-09-10 00:53:50,40.7177209,-73.9854427,-20.419,40337691,40.717726,-73.985439,0.652434,False
2022-09-10 00:53:51,40.7177212,-73.9854443,-20.453,40337691,40.717726,-73.985441,0.670395,False
2022-09-10 00:53:52,40.7177237,-73.98544989999999,-20.459,40337691,40.717728,-73.985447,0.583955,False
2022-09-10 00:53:53,40.717727,-73.9854599,-20.719,40337691,40.717731,-73.985457,0.549482,False
2022-09-10 00:53:54,40.7177327,-73.985477,-20.901,546364862,40.717738,-73.985479,0.609502,True
2022-09-10 00:53:55,40.7177419,-73.9855038,-21.001,546364862,40.717744,-73.985502,0.364878,False
2022-09-10 00:53:56,40.7177526,-73.98553609999999,-21.118,546364862,40.717754,-73.985534,0.262374,False
2022-09-10 00:53:57,40.7177657,-73.9855729,-21.068,546364862,40.717766,-73.985572,0.052125,False
2022-09-10 00:53:58,40.7177794,-73.9856124,-21.113,546364862,40.717778,-73.985612,0.136428,True
2022-09-10 00:53:59,40.7177937,-73.98565289999999,-21.034,546364862,40.71779,-73.985654,0.355777,False
2022-09-10 00:54:00,40.7178067,-73.98569309999999,-21.196,546364862,40.717802,-73.985695,0.450765,False
2022-09-10 00:54:01,40.7178193,-73.9857305,-21.263,420354146,40.717814,-73.985732,0.599335,True
2022-09-10 00:54:02,40.7178286,-73.9857552,-21.172,420354146,40.717823,-73.985758,0.636519,False
2022-09-10 00:54:03,40.717834,-73.98577259999999,-21.253,420354146,40.717829,-73.985775,0.558271,False
2022-09-10 00:54:04,40.7178399,-73.9857917,-21.229,420354146,40.717836,-73.985794,0.469617,False
2022-09-10 00:54:05,40.7178476,-73.98581349999999,-20.977,420354146,40.717845,-73.985815,0.299599,False
2022-09-10 00:54:06,40.7178559,-73.9858378,-20.994,420354146,40.717854,-73.985838,0.208154,False
2022-09-10 00:54:07,40.7178645,-73.9858612,-20.811,420354146,40.717863,-73.985862,0.180143,True
2022-09-10 00:54:08,40.7178716,-73.9858831,-20.831,420354146,40.717871,-73.985883,0.060139,False
2022-09-10 00:54:09,40.7178789,-73.985905,-20.758,420354146,40.717879,-73.985904,0.040093,False
2022-09-10 00:54:10,40.7178862,-73.985925,-20.603,420354146,40.717886,-73.985924,0.069018,False
2022-09-10 00:54:11,40.7178934,-73.985942,-20.553,420354146,40.717893,-73.985942,0.004759,False
2022-09-10 00:54:12,40.7178957,-73.9859519,-20.235,420354146,40.717896,-73.985951,0.13941,False
2022-09-10 00:54:13,40.7178986,-73.9859598,-20.095,420354146,40.717899,-73.985959,0.149204,False
2022-09-10 00:54:14,40.7178987,-73.985964,-20.079,420354146,40.717901,-73.985962,0.296944,False
2022-09-10 00:54:15,40.717898,-73.985967,-20.168,420354146,40.717901,-73.985964,0.478736,False
2022-09-10 00:54:16,40.7178969,-73.9859678,-20.309,420354146,40.717901,-73.985964,0.617505,False
2022-09-10 00:54:17,40.7178968,-73.98596909999999,-20.419,420354146,40.717902,-73.985965,0.67618,False
2022-09-10 00:54:18,40.7178965,-73.98597029999999,-20.496,420354146,40.717902,-73.985966,0.750874,False
2022-09-10 00:54:19,40.7178972,-73.9859709,-20.423,420354146,40.717902,-73.985967,0.70419,False
2022-09-10 00:54:20,40.7178974,-73.9859711,-20.465,420354146,40.717902,-73.985967,0.691924,False
2022-09-10 00:54:21,40.7178977,-73.9859711,-20.515,420354146,40.717903,-73.985967,0.662266,False
2022-09-10 00:54:22,40.7178976,-73.9859712,-20.552,420354146,40.717903,-73.985967,0.675905,False
2022-09-10 00:54:23,40.7178974,-73.9859712,-20.656,420354146,40.717903,-73.985967,0.695748,False
2022-09-10 00:54:24,40.7178971,-73.9859709,-20.795,420354146,40.717903,-73.985967,0.715637,False
2022-09-10 00:54:25,40.7178973,-73.9859709,-20.802,420354146,40.717903,-73.985967,0.695307,False
2022-09-10 00:54:26,40.7178975,-73.9859709,-20.779,420354146,40.717903,-73.985967,0.67509,False
2022-09-10 00:54:27,40.7178981,-73.9859709,-20.703,420354146,40.717903,-73.985967,0.615216,False
2022-09-10 00:54:28,40.7178986,-73.9859711,-20.553,420354146,40.717903,-73.985968,0.573293,False
2022-09-10 00:54:29,40.717899,-73.98597149999999,-20.409,420354146,40.717903,-73.985968,0.548761,False
2022-09-10 00:54:30,40.7178992,-73.9859718,-20.252,420354146,40.717903,-73.985968,0.540248,True
2022-09-10 00:54:31,40.7178993,-73.98597219999999,-20.058,420354146,40.717903,-73.985969,0.545374,False
2022-09-10 00:54:32,40.7178994,-73.9859728,-19.846,420354146,40.717903,-73.985969,0.558006,False
2022-09-10 00:54:33,40.7178994,-73.9859733,-19.632,420354146,40.717904,-73.98597,0.576771,False
2022-09-10 00:54:34,40.7178996,-73.9859745,-19.355,420354146,40.717904,-73.985971,0.602035,False
2022-09-10 00:54:35,40.7179001,-73.9859755,-18.995,420354146,40.717904,-73.985972,0.590135,False
2022-09-10 00:54:36,40.7179002,-73.98597649999999,-18.72,420354146,40.717905,-73.985973,0.617779,False
2022-09-10 00:54:37,40.7179002,-73.9859773,-18.5,420354146,40.717905,-73.985973,0.647803,False
2022-09-10 00:54:38,40.7179001,-73.9859781,-18.36,420354146,40.717905,-73.985974,0.687713,False
2022-09-10 00:54:39,40.7178999,-73.9859792,-18.195,420354146,40.717905,-73.985975,0.748768,False
2022-09-10 00:54:40,40.7178997,-73.9859796,-18.078,420354146,40.717906,-73.985975,0.783552,False
2022-09-10 00:54:41,40.7178992,-73.9859798,-17.981,420354146,40.717906,-73.985975,0.840545,False
2022-09-10 00:54:42,40.7178984,-73.98598,-17.873,420354146,40.717906,-73.985975,0.927719,False
2022-09-10 00:54:43,40.7178981,-73.9859796,-17.746,420354146,40.717906,-73.985975,0.945054,False
2022-09-10 00:54:44,40.7178975,-73.9859795,-17.607,420354146,40.717906,-73.985975,1.004063,False
2022-09-10 00:54:45,40.71789774545454,-73.98597866363636,-17.654545454545453,420354146,40.717906,-73.985975,0.9832015454545454,False
2022-09-10 00:54:46,40.717897990909094,-73.98597782727272,-17.70209090909091,420354146,40.717906,-73.985975,0.9623400909090909,False
2022-09-10 00:54:47,40.71789823636364,-73.9859769909091,-17.749636363636363,420354146,40.717906,-73.985975,0.9414786363636363,False
2022-09-10 00:54:48,40.71789848181818,-73.98597615454545,-17.797181818181816,420354146,40.717906,-73.985975,0.9206171818181818,False
2022-09-10 00:54:49,40.717898727272726,-73.98597531818181,-17.844727272727273,420354146,40.717906,-73.985975,0.8997557272727272,False
2022-09-10 00:54:50,40.717898972727276,-73.98597448181818,-17.892272727272726,420354146,40.717906,-73.985975,0.8788942727272727,False
2022-09-10 00:54:51,40.71789921818182,-73.98597364545454,-17.939818181818183,420354146,40.717906,-73.985975,0.8580328181818182,False
2022-09-10 00:54:52,40.717899463636364,-73.9859728090909,-17.987363636363636,420354146,40.717906,-73.985975,0.8371713636363636,False
2022-09-10 00:54:53,40.71789970909091,-73.98597197272727,-18.03490909090909,420354146,40.717906,-73.985975,0.8163099090909091,False
2022-09-10 00:54:54,40.71789995454546,-73.98597113636363,-18.082454545454546,420354146,40.717906,-73.985975,0.7954484545454545,False
2022-09-10 00:54:55,40.7179002,-73.98597029999999,-18.13,420354146,40.717906,-73.985975,0.774587,False
2022-09-10 00:54:56,40.7179014,-73.985974,-18.189,420354146,40.717906,-73.985975,0.526113,False
2022-09-10 00:54:57,40.7179088,-73.9859862,-18.183,420354146,40.717909,-73.985985,0.131629,False
2022-09-10 00:54:58,40.7179206,-73.98601599999999,-18.096,420354146,40.717921,-73.986015,0.083481,False
2022-09-10 00:54:59,40.7179401,-73.9860588,-17.899,420354146,40.717938,-73.98606,0.237994,False
2022-09-10 00:55:00,40.7179589,-73.9861099,-17.689,420354146,40.717957,-73.98611,0.17877,True
2022-09-10 00:55:01,40.7179766,-73.98615819999999,-17.765,420354146,40.717975,-73.986158,0.115885,False
2022-09-10 00:55:02,40.7179931,-73.98620509999999,-17.809,420354146,40.717993,-73.986205,0.013089,False
2022-09-10 00:55:03,40.7180083,-73.98624819999999,-17.869,420354146,40.718009,-73.986247,0.127968,True
2022-09-10 00:55:04,40.7180202,-73.9862809,-17.861,420354146,40.718021,-73.986279,0.17877,False
2022-09-10 00:55:05,40.7180287,-73.9863045,-17.821,420354146,40.71803,-73.986303,0.224172,False
2022-09-10 00:55:06,40.7180365,-73.9863242,-17.795,420354146,40.718038,-73.986323,0.192409,False
2022-09-10 00:55:07,40.7180433,-73.98634249999999,-17.744,420354146,40.718044,-73.986341,0.206963,False
2022-09-10 00:55:08,40.718049,-73.9863565,-17.796,420354146,40.71805,-73.986355,0.168884,True
2022-09-10 00:55:09,40.7180542,-73.9863688,-17.819,420354146,40.718055,-73.986368,0.116434,False
2022-09-10 00:55:10,40.7180599,-73.98638129999999,-17.764,420354146,40.71806,-73.986381,0.02206,False
2022-09-10 00:55:11,40.7180647,-73.9863927,-17.639,420354146,40.718064,-73.986392,0.024623,False
2022-09-10 00:55:12,40.7180689,-73.9864025,-17.518,420354146,40.718068,-73.986402,0.072039,False
2022-09-10 00:55:13,40.7180738,-73.9864104,-17.365000000000002,420354146,40.718071,-73.986411,0.259963,False
2022-09-10 00:55:14,40.7180755,-73.98641529999999,-17.381,420354146,40.718073,-73.986416,0.244127,False
2022-09-10 00:55:15,40.7180794,-73.9864207,-17.22,420354146,40.718075,-73.986422,0.427017,False
2022-09-10 00:55:16,40.7180842,-73.9864302,-17.078,420354146,40.718079,-73.986433,0.545008,False
2022-09-10 00:55:17,40.7180883,-73.9864424,-17.125,420354146,40.718084,-73.986445,0.492466,False
2022-09-10 00:55:18,40.7180948,-73.98646,-16.997,420354146,40.71809,-73.98646,0.530721,True
2022-09-10 00:55:19,40.718102,-73.9864808,-17.173000000000002,420354146,40.718099,-73.986482,0.365572,False
2022-09-10 00:55:20,40.7181119,-73.9865098,-17.153,420354146,40.71811,-73.98651,0.206387,False
2022-09-10 00:55:21,40.7181268,-73.9865507,-17.269000000000002,463035843,40.718125,-73.986551,0.195287,False
2022-09-10 00:55:22,40.718145,-73.98660319999999,-17.184,463035843,40.718143,-73.986612,0.828667,True
2022-09-10 00:55:23,40.7181644,-73.9866602,-17.205000000000002,463035843,40.718159,-73.986662,0.545036,False
2022-09-10 00:55:24,40.7181832,-73.98671449999999,-17.073,463035843,40.718177,-73.986717,0.696261,True
2022-09-10 00:55:25,40.7181994,-73.9867618,-17.012,463035843,40.718192,-73.986765,0.810011,False
2022-09-10 00:55:26,40.7182137,-73.9868011,-16.869,463035843,40.718205,-73.986805,0.990125,False
2022-09-10 00:55:27,40.7182237,-73.9868272,-16.948,463035843,40.718214,-73.986832,1.161011,True
2022-09-10 00:55:28,40.7182325,-73.9868518,-17.088,463035843,40.718222,-73.986857,1.25835,False
2022-09-10 00:55:29,40.7182434,-73.98687869999999,-16.999,463035843,40.71823,-73.986885,1.494958,False
2022-09-10 00:55:30,40.7182578,-73.9869119,-16.999,463035843,40.718242,-73.98692,1.883513,False
2022-09-10 00:55:31,40.7182723,-73.9869465,-17.257,463035843,40.718253,-73.986956,2.23676,True
2022-09-10 00:55:32,40.7182879,-73.98698,-17.246,463035843,40.718265,-73.986992,2.737861,False
2022-09-10 00:55:33,40.7183001,-73.98700769999999,-17.308,463035843,40.718274,-73.987021,3.080956,False
2022-09-10 00:55:34,40.7183099,-73.987032,-17.211000000000002,463035843,40.718282,-73.987047,3.289959,False
2022-09-10 00:55:35,40.7183182,-73.9870536,-17.266000000000002,463035843,40.718289,-73.987069,3.433841,True
2022-09-10 00:55:36,40.7183256,-73.98707619999999,-17.227,463035843,40.718296,-73.987092,3.453502,False
2022-09-10 00:55:37,40.7183334,-73.9870953,-17.038,463035843,40.718303,-73.987112,3.627677,False
2022-09-10 00:55:38,40.7183373,-73.98711089999999,-17.072,463035843,40.718307,-73.987127,3.518141,False
2022-09-10 00:55:39,40.7183384,-73.9871233,-17.06,463035843,40.718311,-73.987138,3.227246,False
2022-09-10 00:55:40,40.7183389,-73.9871272,-16.806,463035843,40.718312,-73.987141,3.151453,False
2022-09-10 00:55:41,40.7183384,-73.98713029999999,-16.589,463035843,40.718313,-73.987144,2.999746,False
2022-09-10 00:55:42,40.7183386,-73.9871312,-16.382,463035843,40.718313,-73.987145,2.990879,False
2022-09-10 00:55:43,40.7183385,-73.987132,-16.104,463035843,40.718313,-73.987145,2.954688,False
2022-09-10 00:55:44,40.7183393,-73.9871323,-15.675,463035843,40.718314,-73.987146,3.026468,False
2022-09-10 00:55:45,40.7183415,-73.9871319,-15.221,463035843,40.718314,-73.987147,3.263678,False
2022-09-10 00:55:46,40.7183432,-73.9871307,-15.052,463035843,40.718314,-73.987147,3.475987,False
2022-09-10 00:55:47,40.7183443,-73.98713029999999,-14.906,463035843,40.718314,-73.987147,3.601037,False
2022-09-10 00:55:48,40.7183454,-73.9871294,-14.804,463035843,40.718314,-73.987147,3.74248,False
2022-09-10 00:55:49,40.7183464,-73.9871285,-14.751,463035843,40.718314,-73.987147,3.87391,False
2022-09-10 00:55:50,40.7183472,-73.9871277,-14.759,463035843,40.718314,-73.987147,3.981888,False
2022-09-10 00:55:51,40.7183465,-73.98712809999999,-14.918,463035843,40.718314,-73.987147,3.897548,False
2022-09-10 00:55:52,40.718344,-73.9871313,-15.093,463035843,40.718314,-73.987147,3.537961,False
2022-09-10 00:55:53,40.7183388,-73.98713719999999,-15.442,463035843,40.718315,-73.98715,2.816262,False
2022-09-10 00:55:54,40.7183353,-73.987141,-15.719,463035843,40.718315,-73.987151,2.336065,False
2022-09-10 00:55:55,40.7183328,-73.9871438,-15.959,463035843,40.718316,-73.987153,1.990281,False
2022-09-10 00:55:56,40.7183306,-73.98714679999999,-16.22,463035843,40.718316,-73.987154,1.668572,False
2022-09-10 00:55:57,40.7183281,-73.9871497,-16.434,463035843,40.718317,-73.987155,1.319538,False
2022-09-10 00:55:58,40.7183257,-73.9871521,-16.672,463035843,40.718317,-73.987156,0.996946,False
2022-09-10 00:55:59,40.7183231,-73.9871545,-16.941,463035843,40.718317,-73.987157,0.653971,False
2022-09-10 00:56:00,40.7183209,-73.9871567,-17.191,463035843,40.718317,-73.987158,0.358261,False
2022-09-10 00:56:01,40.718319,-73.9871587,-17.523,463035843,40.718318,-73.987159,0.099626,False
2022-09-10 00:56:02,40.7183173,-73.9871606,-17.614,463035843,40.718318,-73.987159,0.135376,False
2022-09-10 00:56:03,40.7183151,-73.9871624,-17.825,463035843,40.718318,-73.98716,0.418085,False
2022-09-10 00:56:04,40.7183133,-73.98716399999999,-18.0,463035843,40.718318,-73.98716,0.65353,False
2022-09-10 00:56:05,40.7183115,-73.98716519999999,-18.39,463035843,40.718318,-73.987161,0.875974,False
2022-09-10 00:56:06,40.7183092,-73.9871656,-18.884,463035843,40.718318,-73.987161,1.125415,False
2022-09-10 00:56:07,40.7183085,-73.9871658,-18.963,463035843,40.718318,-73.987161,1.20403,False
2022-09-10 00:56:08,40.718308,-73.9871658,-19.056,463035843,40.718318,-73.987161,1.256461,False
2022-09-10 00:56:09,40.7183077,-73.98716569999999,-19.149,463035843,40.718318,-73.987161,1.285521,False
2022-09-10 00:56:10,40.718307107692304,-73.98716686153846,-19.124692307692307,463035843,40.71831823076923,-73.98716153846154,1.3831715384615384,False
2022-09-10 00:56:11,40.71830651538461,-73.98716802307692,-19.100384615384616,463035843,40.71831846153846,-73.98716207692307,1.4808220769230769,False
2022-09-10 00:56:12,40.71830592307692,-73.98716918461538,-19.076076923076922,463035843,40.71831869230769,-73.98716261538462,1.5784726153846154,False
2022-09-10 00:56:13,40.718305330769226,-73.98717034615383,-19.05176923076923,463035843,40.71831892307692,-73.98716315384615,1.6761231538461538,False
2022-09-10 00:56:14,40.71830473846153,-73.9871715076923,-19.027461538461537,463035843,40.71831915384615,-73.98716369230769,1.7737736923076923,False
2022-09-10 00:56:15,40.71830414615384,-73.98717266923076,-19.003153846153847,463035843,40.718319384615384,-73.98716423076922,1.8714242307692308,False
2022-09-10 00:56:16,40.718303553846155,-73.98717383076922,-18.978846153846153,463035843,40.718319615384615,-73.98716476923077,1.9690747692307693,False
2022-09-10 00:56:17,40.71830296153846,-73.98717499230769,-18.954538461538462,463035843,40.71831984615385,-73.98716530769231,2.066725307692308,False
2022-09-10 00:56:18,40.71830236923077,-73.98717615384615,-18.930230769230768,463035843,40.71832007692308,-73.98716584615384,2.1643758461538463,False
2022-09-10 00:56:19,40.71830177692308,-73.9871773153846,-18.905923076923077,463035843,40.71832030769231,-73.98716638461538,2.2620263846153845,False
2022-09-10 00:56:20,40.718301184615385,-73.98717847692306,-18.881615384615383,463035843,40.71832053846154,-73.98716692307693,2.3596769230769232,False
2022-09-10 00:56:21,40.71830059230769,-73.98717963846153,-18.857307692307693,463035843,40.71832076923077,-73.98716746153846,2.457327461538462,False
2022-09-10 00:56:22,40.7183,-73.98718079999999,-18.833,463035843,40.718321,-73.987168,2.554978,True
2022-09-10 00:56:23,40.7183,-73.98718099999999,-18.834,463035843,40.718321,-73.987169,2.561478,False
2022-09-10 00:56:24,40.7183044,-73.98718889999999,-18.829,463035843,40.718324,-73.987177,2.369809,False
2022-09-10 00:56:25,40.7183168,-73.98721259999999,-18.826,463035843,40.718332,-73.987203,1.876331,False
2022-09-10 00:56:26,40.7183354,-73.9872489,-18.769,463035843,40.718345,-73.987243,1.160489,False
2022-09-10 00:56:27,40.7183524,-73.98729039999999,-18.706,463035843,40.718358,-73.987286,0.776708,True
2022-09-10 00:56:28,40.7183691,-73.987332,-18.754,463035843,40.718372,-73.98733,0.426752,False
2022-09-10 00:56:29,40.7183854,-73.9873734,-18.742,463035843,40.718386,-73.987372,0.111061,False
2022-09-10 00:56:30,40.7184051,-73.9874214,-18.69,420354145,40.718401,-73.987423,0.437144,True
2022-09-10 00:56:31,40.7184286,-73.9874698,-18.655,420354145,40.718417,-73.987475,1.347126,False
2022-09-10 00:56:32,40.7184514,-73.987516,-18.749,420354145,40.718432,-73.987525,2.242311,False
2022-09-10 00:56:33,40.7184777,-73.9875661,-18.677,420354145,40.718449,-73.987581,3.374677,True
2022-09-10 00:56:34,40.7185056,-73.98762719999999,-18.891,420354145,40.718469,-73.987646,4.327408,False
2022-09-10 00:56:35,40.7185324,-73.9876963,-18.923,420354145,40.718491,-73.987718,4.917268,True
2022-09-10 00:56:36,40.7185571,-73.9877669,-18.87,420354145,40.718513,-73.98779,5.244809,False
2022-09-10 00:56:37,40.7185794,-73.9878358,-18.875,420354145,40.718534,-73.987859,5.379263,True
2022-09-10 00:56:38,40.7185994,-73.9878954,-18.878,420354145,40.718552,-73.98792,5.56841,False
2022-09-10 00:56:39,40.7186127,-73.98794149999999,-18.958,420354145,40.718566,-73.987965,5.492112,False
2022-09-10 00:56:40,40.7186206,-73.98796949999999,-19.076,420354145,40.718575,-73.987993,5.427501,True
2022-09-10 00:56:41,40.718625,-73.9879825,-19.06,420354145,40.718579,-73.988006,5.472613,False
2022-09-10 00:56:42,40.7186259,-73.9879869,-18.951,420354145,40.71858,-73.988011,5.427433,False
2022-09-10 00:56:43,40.718626,-73.9879888,-18.889,420354145,40.71858,-73.988012,5.378312,False
2022-09-10 00:56:44,40.7186254,-73.9879952,-18.749,420354145,40.718582,-73.988017,5.11674,False
2022-09-10 00:56:45,40.7186236,-73.9880127,-18.617,420354145,40.718586,-73.988032,4.385156,False
2022-09-10 00:56:46,40.718629,-73.9880347,-18.565,420354145,40.718593,-73.988053,4.259541,False
2022-09-10 00:56:47,40.7186371,-73.9880654,-18.324,420354145,40.718601,-73.988083,4.163739,False
2022-09-10 00:56:48,40.7186439,-73.9881066,-17.252,420354145,40.718613,-73.988122,3.615607,True
2022-09-10 00:56:49,40.7186549,-73.988148,-17.024,420354145,40.718625,-73.988163,3.494339,False
2022-09-10 00:56:50,40.7186671,-73.98819139999999,-17.182,40337681,40.718638,-73.988206,3.362264,False
2022-09-10 00:56:51,40.7186791,-73.9882389,-17.196,40337681,40.718653,-73.988252,3.076417,True
2022-09-10 00:56:52,40.7186912,-73.9882875,-17.082,40337681,40.718667,-73.988299,2.778261,False
2022-09-10 00:56:53,40.7186995,-73.9883383,-16.293,40337681,40.718682,-73.988347,2.054868,False
2022-09-10 00:56:54,40.7187122,-73.9883838,-15.735,40337681,40.718695,-73.988392,1.947824,True
2022-09-10 00:56:55,40.7187239,-73.9884252,-15.973,40337681,40.718708,-73.988433,1.865257,False
2022-09-10 00:56:56,40.7187387,-73.9884651,-16.048000000000002,40337681,40.71872,-73.988474,2.14763,False
2022-09-10 00:56:57,40.7187523,-73.9885104,-16.047,40337681,40.718734,-73.988519,2.139231,True
2022-09-10 00:56:58,40.7187672,-73.9885587,-15.978,40337681,40.718748,-73.988568,2.171293,False
2022-09-10 00:56:59,40.718784,-73.988607,-15.756,40337681,40.718763,-73.988617,2.398509,False
2022-09-10 00:57:00,40.7188039,-73.9886499,-16.041,40337681,40.718777,-73.988663,3.111649,True
2022-09-10 00:57:01,40.7188224,-73.9886949,-15.974,40337681,40.718792,-73.98871,3.615846,False
2022-09-10 00:57:02,40.718839,-73.98874219999999,-15.984,40337681,40.718806,-73.988759,3.853541,False
2022-09-10 00:57:03,40.718856,-73.9887885,-16.12,40337681,40.718821,-73.988806,4.163342,True
2022-09-10 00:57:04,40.7188748,-73.9888366,-16.348,40337681,40.718836,-73.988857,4.575301,False
2022-09-10 00:57:05,40.7188948,-73.9888838,-16.697,40337681,40.718852,-73.988907,5.116071,False
2022-09-10 00:57:06,40.7189195,-73.9889203,-17.999,40337681,40.718864,-73.988949,6.523317,True
2022-09-10 00:57:07,40.7189407,-73.9889579,-18.104,446864090,40.718877,-73.988991,7.528465,False
2022-09-10 00:57:08,40.7189587,-73.9889948,-18.809,446864090,40.718894,-73.989048,8.33553,False
2022-09-10 00:57:09,40.7189737,-73.9890267,-19.236,446864090,40.7189,-73.989065,8.747793,True
2022-09-10 00:57:10,40.7189842,-73.98904639999999,-19.977,446864090,40.718906,-73.989086,9.219674,False
2022-09-10 00:57:11,40.7189876,-73.9890614,-20.227,446864090,40.718911,-73.989101,9.106587,False
2022-09-10 00:57:12,40.7189915,-73.9890672,-20.482,446864090,40.718913,-73.989108,9.328648,False
2022-09-10 00:57:13,40.7189936,-73.9890681,-20.517,446864090,40.718913,-73.989109,9.516784,False
2022-09-10 00:57:14,40.7189941,-73.9890683,-20.6,446864090,40.718913,-73.98911,9.562019,False
2022-09-10 00:57:15,40.7189938,-73.98906819999999,-20.731,446864090,40.718913,-73.98911,9.534282,False
2022-09-10 00:57:16,40.7189938,-73.989069,-20.932,446864090,40.718913,-73.98911,9.509588,False
2022-09-10 00:57:17,40.7189933,-73.9890698,-21.036,446864090,40.718913,-73.989111,9.433511,False
2022-09-10 00:57:18,40.7189929,-73.9890703,-21.232,446864090,40.718914,-73.989111,9.376967,False
2022-09-10 00:57:19,40.718993,-73.989072,-21.389,446864090,40.718914,-73.989112,9.334817,False
2022-09-10 00:57:20,40.7189918,-73.9890736,-21.411,446864090,40.718914,-73.989113,9.162102,False
2022-09-10 00:57:21,40.7189907,-73.9890755,-21.245,446864090,40.718915,-73.989114,8.990416,False
2022-09-10 00:57:22,40.7189899,-73.9890764,-21.238,446864090,40.718915,-73.989115,8.880413,False
2022-09-10 00:57:23,40.7189888,-73.9890779,-21.128,446864090,40.718915,-73.989116,8.721063,False
2022-09-10 00:57:24,40.718988,-73.9890798,-21.154,446864090,40.718915,-73.989117,8.580218,False
2022-09-10 00:57:25,40.7189871,-73.9890819,-21.094,446864090,40.718916,-73.989118,8.422924,False
2022-09-10 00:57:26,40.7189866,-73.9890849,-21.158,446864090,40.718916,-73.989121,8.278996,False
2022-09-10 00:57:27,40.7189862,-73.9890874,-21.241,446864090,40.718917,-73.989123,8.160768,False
2022-09-10 00:57:28,40.7189858,-73.98908879999999,-21.125,446864090,40.718917,-73.989124,8.076467,False
2022-09-10 00:57:29,40.7189854,-73.9890901,-21.048,446864090,40.718918,-73.989125,7.99525,False
2022-09-10 00:57:30,40.7189854,-73.9890915,-20.956,446864090,40.718918,-73.989126,7.952071,False
2022-09-10 00:57:31,40.7189852,-73.9890927,-20.953,446864090,40.718918,-73.989127,7.8945,False
2022-09-10 00:57:32,40.7189853,-73.9890933,-20.99,446864090,40.718918,-73.989127,7.886275,False
2022-09-10 00:57:33,40.7189857,-73.9890939,-20.927,446864090,40.718919,-73.989128,7.908893,False
2022-09-10 00:57:34,40.7189864,-73.9890946,-20.851,446864090,40.718919,-73.989129,7.959268,False
2022-09-10 00:57:35,40.7189871,-73.9890951,-20.848,446864090,40.718919,-73.98913,8.015812,False
2022-09-10 00:57:36,40.7189871,-73.9890951,-20.947,446864090,40.718919,-73.98913,8.015812,False
2022-09-10 00:57:37,40.7189873,-73.9890948,-21.029,446864090,40.718919,-73.98913,8.045639,False
2022-09-10 00:57:38,40.718988,-73.9890946,-21.029,446864090,40.718919,-73.98913,8.123759,False
2022-09-10 00:57:39,40.7189889,-73.9890944,-20.978,446864090,40.718919,-73.98913,8.222452,False
2022-09-10 00:57:40,40.7189902,-73.989094,-21.004,446864090,40.718919,-73.98913,8.368437,False
2022-09-10 00:57:41,40.7189923,-73.9890935,-20.941,446864090,40.718919,-73.989131,8.599751,False
2022-09-10 00:57:42,40.7189935,-73.9890934,-21.153,446864090,40.71892,-73.989131,8.726203,False
2022-09-10 00:57:43,40.71899419090909,-73.98909410454546,-21.009272727272727,446864090,40.71892027272727,-73.98913190909091,8.775503318181817,False
2022-09-10 00:57:44,40.71899488181818,-73.98909480909091,-20.865545454545455,446864090,40.718920545454544,-73.98913281818182,8.824803636363637,False
2022-09-10 00:57:45,40.71899557272727,-73.98909551363636,-20.72181818181818,446864090,40.718920818181815,-73.98913372727273,8.874103954545454,False
2022-09-10 00:57:46,40.71899626363637,-73.98909621818181,-20.578090909090907,446864090,40.71892109090909,-73.98913463636364,8.923404272727273,False
2022-09-10 00:57:47,40.71899695454546,-73.98909692272727,-20.434363636363635,446864090,40.71892136363636,-73.98913554545454,8.97270459090909,False
2022-09-10 00:57:48,40.71899764545455,-73.98909762727273,-20.290636363636363,446864090,40.71892163636363,-73.98913645454546,9.022004909090908,False
2022-09-10 00:57:49,40.71899833636364,-73.98909833181818,-20.14690909090909,446864090,40.71892190909091,-73.98913736363636,9.071305227272727,False
2022-09-10 00:57:50,40.71899902727273,-73.98909903636364,-20.00318181818182,446864090,40.71892218181818,-73.98913827272727,9.120605545454545,False
2022-09-10 00:57:51,40.71899971818182,-73.98909974090908,-19.859454545454543,446864090,40.718922454545456,-73.98913918181819,9.169905863636364,False
2022-09-10 00:57:52,40.71900040909091,-73.98910044545454,-19.71572727272727,446864090,40.71892272727273,-73.98914009090909,9.219206181818182,False
2022-09-10 00:57:53,40.7190011,-73.98910115,-19.572,446864090,40.718923000000004,-73.989141,9.2685065,False
2022-09-10 00:57:54,40.7190017909091,-73.98910185454545,-19.428272727272727,446864090,40.718923272727274,-73.98914190909092,9.317806818181818,False
2022-09-10 00:57:55,40.71900248181819,-73.98910255909091,-19.284545454545455,446864090,40.718923545454544,-73.98914281818182,9.367107136363636,False
2022-09-10 00:57:56,40.71900317272728,-73.98910326363635,-19.140818181818183,446864090,40.71892381818182,-73.98914372727273,9.416407454545455,False
2022-09-10 00:57:57,40.71900386363637,-73.98910396818181,-18.997090909090907,446864090,40.71892409090909,-73.98914463636365,9.465707772727272,False
2022-09-10 00:57:58,40.71900455454546,-73.98910467272727,-18.853363636363635,446864090,40.71892436363637,-73.98914554545455,9.515008090909092,False
2022-09-10 00:57:59,40.71900524545455,-73.98910537727272,-18.709636363636363,446864090,40.71892463636364,-73.98914645454546,9.56430840909091,False
2022-09-10 00:58:00,40.71900593636364,-73.98910608181818,-18.56590909090909,446864090,40.71892490909091,-73.98914736363636,9.613608727272727,False
2022-09-10 00:58:01,40.719006627272734,-73.98910678636364,-18.42218181818182,446864090,40.718925181818186,-73.98914827272728,9.662909045454546,False
2022-09-10 00:58:02,40.71900731818182,-73.98910749090908,-18.278454545454544,446864090,40.718925454545456,-73.98914918181819,9.712209363636363,False
2022-09-10 00:58:03,40.71900800909091,-73.98910819545453,-18.13472727272727,446864090,40.71892572727273,-73.98915009090909,9.761509681818183,False
2022-09-10 00:58:04,40.7190087,-73.98910889999999,-17.991,446864090,40.718926,-73.989151,9.81081,False
2022-09-10 00:58:05,40.7190089,-73.98910939999999,-18.04,446864090,40.718926,-73.989152,9.81595,False
2022-09-10 00:58:06,40.719009,-73.9891131,-18.254,446864090,40.718927,-73.989155,9.712116,False
2022-09-10 00:58:07,40.7190103,-73.9891203,-18.463,446864090,40.718929,-73.989162,9.623702,False
2022-09-10 00:58:08,40.719013,-73.9891305,-18.581,446864090,40.718932,-73.989172,9.586692,False
2022-09-10 00:58:09,40.7190153,-73.9891426,-18.519,446864090,40.718935,-73.989184,9.449959,True
2022-09-10 00:58:10,40.7190171,-73.98915509999999,-18.506,446864090,40.718939,-73.989195,9.249487,False
2022-09-10 00:58:11,40.7190181,-73.98916849999999,-18.729,446864090,40.718942,-73.989207,8.939012,False
2022-09-10 00:58:12,40.719018,-73.9891798,-18.957,446864090,40.718945,-73.989217,8.580218,False
2022-09-10 00:58:13,40.7190162,-73.9891899,-19.398,446864090,40.718948,-73.989225,8.083663,False
2022-09-10 00:58:14,40.719017,-73.9892007,-19.104,446864090,40.718951,-73.989235,7.832816,False
2022-09-10 00:58:15,40.719017,-73.9892177,-19.288,446864090,40.718955,-73.989249,7.308503,False
2022-09-10 00:58:16,40.7190214,-73.98924319999999,-19.339,446864090,40.718962,-73.989273,6.974382,False
2022-09-10 00:58:17,40.7190292,-73.9892777,-19.396,446864090,40.718972,-73.989307,6.712226,True
2022-09-10 00:58:18,40.7190366,-73.9893159,-19.297,496988368,40.718983,-73.989343,6.287609,False
2022-09-10 00:58:19,40.7190438,-73.98935639999999,-19.485,496988368,40.718995,-73.989382,5.761145,False
2022-09-10 00:58:20,40.7190517,-73.9894063,-19.7,496988368,40.719009,-73.989428,5.012857,True
2022-09-10 00:58:21,40.7190724,-73.9894485,-20.572,496988368,40.719023,-73.989474,5.818355,False
2022-09-10 00:58:22,40.7190941,-73.98949209999999,-21.302,496988368,40.719038,-73.989521,6.682716,False
2022-09-10 00:58:23,40.7191154,-73.9895439,-21.7,496988368,40.719054,-73.989576,7.249881,True
2022-09-10 00:58:24,40.7191375,-73.9895908,-22.317,496988368,40.719069,-73.989626,8.052194,False
2022-09-10 00:58:25,40.7191577,-73.9896455,-22.707,496988368,40.719087,-73.989682,8.416175,False
2022-09-10 00:58:26,40.7191801,-73.9897127,-23.237,488272734,40.719108,-73.989752,8.576932,True
2022-09-10 00:58:27,40.7192007,-73.9897857,-23.878,488272734,40.71913,-73.989822,8.326283,False
2022-09-10 00:58:28,40.7192241,-73.9898748,-22.659,488272734,40.719156,-73.989909,7.983937,True
2022-09-10 00:58:29,40.7192452,-73.9899744,-21.113,488272734,40.719185,-73.990005,7.081298,False
2022-09-10 00:58:30,40.7192706,-73.9900739,-20.604,488272734,40.719214,-73.990102,6.626391,True
2022-09-10 00:58:31,40.7192927,-73.9901811,-19.844,485165666,40.719246,-73.990211,5.640044,False
2022-09-10 00:58:32,40.7193208,-73.9902819,-19.539,485165666,40.719274,-73.990305,5.442064,True
2022-09-10 00:58:33,40.7193487,-73.9903834,-19.277,485165666,40.719304,-73.990406,5.224152,False
2022-09-10 00:58:34,40.7193754,-73.990479,-19.249,524395517,40.719334,-73.990502,4.932347,True
2022-09-10 00:58:35,40.7194015,-73.99057169999999,-19.143,524395517,40.719363,-73.990592,4.577183,False
2022-09-10 00:58:36,40.7194252,-73.9906622,-18.823,524395517,40.71939,-73.99068,4.186862,True
2022-09-10 00:58:37,40.7194492,-73.990748,-18.509,524395517,40.719415,-73.990765,3.973912,False
2022-09-10 00:58:38,40.7194713,-73.990827,-18.463,524395517,40.719439,-73.990843,3.778055,True
2022-09-10 00:58:39,40.7194915,-73.9908969,-18.538,524395517,40.71946,-73.990913,3.671022,False
2022-09-10 00:58:40,40.7195096,-73.990956,-18.709,524395517,40.719478,-73.990972,3.685309,True
2022-09-10 00:58:41,40.7195245,-73.9910048,-18.803,524395517,40.719493,-73.991021,3.692435,False
2022-09-10 00:58:42,40.7195358,-73.9910438,-18.946,524395517,40.719505,-73.991059,3.635757,False
2022-09-10 00:58:43,40.7195438,-73.9910706,-18.987,524395517,40.719513,-73.991086,3.620912,True
2022-09-10 00:58:44,40.7195493,-73.99109,-19.041,524395517,40.719519,-73.991105,3.580298,False
2022-09-10 00:58:45,40.7195528,-73.9911006,-19.11,524395517,40.719522,-73.991116,3.60889,False
2022-09-10 00:58:46,40.7195544,-73.99110259999999,-19.206,524395517,40.719523,-73.991119,3.710712,False
2022-09-10 00:58:47,40.7195551,-73.991103,-19.111,524395517,40.719523,-73.991119,3.770074,False
2022-09-10 00:58:48,40.7195553,-73.9911042,-18.803,524395517,40.719523,-73.99112,3.753173,False
2022-09-10 00:58:49,40.7195552,-73.99110569999999,-18.344,524395517,40.719524,-73.991122,3.696129,False
2022-09-10 00:58:50,40.7195552,-73.9911068,-17.944,524395517,40.719524,-73.991123,3.661822,False
2022-09-10 00:58:51,40.7195551,-73.9911066,-17.75,524395517,40.719524,-73.991123,3.65785,False
2022-09-10 00:58:52,40.7195547,-73.9911059,-17.558,524395517,40.719524,-73.991123,3.639706,False
2022-09-10 00:58:53,40.719554,-73.9911049,-17.402,524395517,40.719524,-73.991123,3.603328,False
2022-09-10 00:58:54,40.7195532,-73.9911041,-17.22,524395517,40.719524,-73.991123,3.552826,False
2022-09-10 00:58:55,40.7195528,-73.99110259999999,-17.047,524395517,40.719524,-73.991123,3.57194,False
2022-09-10 00:58:56,40.7195521,-73.9911011,-16.854,524395517,40.719524,-73.991123,3.567438,False
2022-09-10 00:58:57,40.7195514,-73.9910994,-16.666,524395517,40.719524,-73.991123,3.578301,False
2022-09-10 00:58:58,40.7195502,-73.99109949999999,-16.53,524395517,40.719524,-73.991123,3.463852,False
2022-09-10 00:58:59,40.7195496,-73.9910989,-16.41,524395517,40.719524,-73.991123,3.438919,False
2022-09-10 00:59:00,40.7195485,-73.9910984,-16.157,524395517,40.719524,-73.991123,3.366936,False
2022-09-10 00:59:01,40.7195482,-73.9910972,-15.944,524395517,40.719524,-73.991123,3.40394,False
2022-09-10 00:59:02,40.7195464,-73.991097,-15.755,524395517,40.719524,-73.991123,3.264134,False
2022-09-10 00:59:03,40.7195452,-73.9910974,-15.676,524395517,40.719524,-73.991123,3.143751,False
2022-09-10 00:59:04,40.7195451,-73.9910972,-15.713,524395517,40.719524,-73.991123,3.147213,False
2022-09-10 00:59:05,40.7195439,-73.9910977,-15.798,524395517,40.719524,-73.991123,3.022768,False
2022-09-10 00:59:06,40.7195425,-73.9910975,-15.875,524395517,40.719524,-73.991123,2.926977,False
2022-09-10 00:59:07,40.7195423,-73.9910965,-16.026,524395517,40.719524,-73.991123,2.974142,False
2022-09-10 00:59:08,40.7195416,-73.9910967,-16.083000000000002,524395517,40.719524,-73.991123,2.910644,False
2022-09-10 00:59:09,40.7195408,-73.9910976,-15.987,524395517,40.719524,-73.991123,2.795868,False
2022-09-10 00:59:10,40.7195396,-73.991098,-16.139,524395517,40.719524,-73.991123,2.685731,False
2022-09-10 00:59:11,40.7195386,-73.99109969999999,-16.231,524395517,40.719524,-73.991123,2.505415,False
2022-09-10 00:59:12,40.7195392,-73.99110089999999,-16.451,524395517,40.719524,-73.991123,2.470888,False
2022-09-10 00:59:13,40.7195387,-73.9911023,-16.612000000000002,524395517,40.719524,-73.991123,2.346515,False
2022-09-10 00:59:14,40.7195377,-73.99110449999999,-16.609,524395517,40.719524,-73.991123,2.136034,False
2022-09-10 00:59:15,40.7195367,-73.9911067,-16.672,524395517,40.719524,-73.991123,1.926547,False
2022-09-10 00:59:16,40.7195359,-73.9911084,-16.884,524395517,40.719524,-73.991123,1.763409,False
2022-09-10 00:59:17,40.71953585,-73.9911112,-16.917,524395517,40.719524,-73.991123,1.6146325,False
2022-09-10 00:59:18,40.7195358,-73.991114,-16.95,524395517,40.719524,-73.991123,1.465856,False
2022-09-10 00:59:19,40.7195367,-73.9911176,-17.092,524395517,40.719524,-73.991123,1.426442,False
2022-09-10 00:59:20,40.7195415,-73.9911321,-17.09,524395517,40.719529,-73.991138,1.466668,False
2022-09-10 00:59:21,40.7195504,-73.9911644,-17.069,524395517,40.719538,-73.99117,1.365403,False
2022-09-10 00:59:22,40.7195642,-73.9912135,-17.081,524395517,40.719553,-73.991219,1.291304,True
2022-09-10 00:59:23,40.7195835,-73.9912732,-17.126,955301424,40.719571,-73.991279,1.421752,False
2022-09-10 00:59:24,40.719606,-73.9913456,-17.092,955301424,40.719593,-73.991351,1.437239,True
2022-09-10 00:59:25,40.7196338,-73.9914307,-17.201,955301424,40.71962,-73.991437,1.636205,False
2022-09-10 00:59:26,40.7196666,-73.9915212,-17.191,955301424,40.719648,-73.99153,2.179887,True
2022-09-10 00:59:27,40.7197017,-73.9916095,-17.177,955301424,40.719676,-73.991622,3.028216,False
2022-09-10 00:59:28,40.7197302,-73.9917056,-17.134,955301424,40.719705,-73.991718,2.955964,True
2022-09-10 00:59:29,40.7197544,-73.9918027,-17.084,955301424,40.719734,-73.991813,2.411238,False
2022-09-10 00:59:30,40.7197748,-73.9918971,-17.018,955301424,40.719761,-73.991904,1.560742,True
2022-09-10 00:59:31,40.7197943,-73.991986,-16.816,955301424,40.719787,-73.991989,0.806754,False
2022-09-10 00:59:32,40.7198124,-73.9920681,-16.792,955301424,40.719811,-73.992068,0.138614,True
2022-09-10 00:59:33,40.7198264,-73.9921463,-16.874,955301426,40.719833,-73.992142,0.859182,False
2022-09-10 00:59:34,40.7198384,-73.9922227,-16.973,955301426,40.719855,-73.992213,1.999067,True
2022-09-10 00:59:35,40.719854,-73.9922966,-17.179000000000002,955301426,40.719876,-73.992284,2.692864,False
2022-09-10 00:59:36,40.7198721,-73.9923693,-17.083000000000002,420354140,40.719898,-73.992355,3.099111,True
2022-09-10 00:59:37,40.7198885,-73.9924393,-16.906,420354140,40.719918,-73.992423,3.60156,False
2022-09-10 00:59:38,40.7199026,-73.9924963,-16.773,420354140,40.719935,-73.992478,3.934181,True
2022-09-10 00:59:39,40.7199128,-73.992536,-16.733,420354140,40.719947,-73.992517,4.126911,False
2022-09-10 00:59:40,40.7199193,-73.99256059999999,-16.748,420354140,40.719954,-73.992541,4.227907,False
2022-09-10 00:59:41,40.7199236,-73.992576,-17.062,420354140,40.719959,-73.992557,4.267441,False
2022-09-10 00:59:42,40.7199257,-73.9925863,-17.159,420354140,40.719962,-73.992566,4.373504,False
2022-09-10 00:59:43,40.7199271,-73.9925899,-17.038,420354140,40.719963,-73.99257,4.342235,False
2022-09-10 00:59:44,40.7199274,-73.99259119999999,-16.892,420354140,40.719963,-73.992571,4.352035,False
2022-09-10 00:59:45,40.7199259,-73.99259099999999,-16.931,420354140,40.719963,-73.992571,4.500369,False
2022-09-10 00:59:46,40.7199219,-73.992595,-16.762,420354140,40.719964,-73.992572,5.035009,False
2022-09-10 00:59:47,40.7199195,-73.99259789999999,-16.547,420354140,40.719964,-73.992574,5.371801,False
2022-09-10 00:59:48,40.7199184,-73.9925981,-16.514,420354140,40.719964,-73.992574,5.490994,False
2022-09-10 00:59:49,40.7199178,-73.9925981,-16.646,420354140,40.719964,-73.992574,5.552746,False
2022-09-10 00:59:50,40.7199177,-73.9926028,-16.857,420354140,40.719965,-73.992577,5.709462,False
2022-09-10 00:59:51,40.7199199,-73.9926108,-17.014,420354140,40.719968,-73.992585,5.733464,False
2022-09-10 00:59:52,40.7199264,-73.9926251,-16.91,420354140,40.719972,-73.9926,5.512919,True
2022-09-10 00:59:53,40.7199316,-73.9926443,-17.088,420354140,40.719978,-73.992619,5.578732,False
2022-09-10 00:59:54,40.7199377,-73.9926605,-17.69,420354140,40.719983,-73.992636,5.458544,False
2022-09-10 00:59:55,40.719943,-73.9926725,-17.548000000000002,420354140,40.719987,-73.992648,5.28933,False
2022-09-10 00:59:56,40.7199456,-73.9926783,-17.283,420354140,40.719989,-73.992655,5.203609,False
2022-09-10 00:59:57,40.7199465,-73.9926785,-17.042,420354140,40.719989,-73.992655,5.117505,False
2022-09-10 00:59:58,40.7199466,-73.99267859999999,-16.968,420354140,40.719989,-73.992655,5.110366,False
2022-09-10 00:59:59,40.7199477,-73.9926797,-16.662,420354140,40.719989,-73.992657,5.031836,False
2022-09-10 01:00:00,40.719949,-73.9926803,-16.477,420354140,40.71999,-73.992658,4.917175,False
2022-09-10 01:00:01,40.7199495,-73.9926813,-16.173000000000002,420354140,40.71999,-73.992659,4.897089,False
2022-09-10 01:00:02,40.7199504,-73.99268239999999,-16.063,420354140,40.719991,-73.99266,4.83908,False
2022-09-10 01:00:03,40.7199503,-73.9926825,-16.074,420354140,40.719991,-73.99266,4.852463,False
2022-09-10 01:00:04,40.7199501,-73.9926825,-16.109,420354140,40.719991,-73.99266,4.872991,False
2022-09-10 01:00:05,40.71995,-73.99268239999999,-16.145,420354140,40.719991,-73.99266,4.880165,False
2022-09-10 01:00:06,40.7199499,-73.9926819,-16.29,420354140,40.719991,-73.99266,4.875185,False
2022-09-10 01:00:07,40.7199501,-73.99268169999999,-16.337,420354140,40.719991,-73.99266,4.848522,False
2022-09-10 01:00:08,40.71995,-73.99268119999999,-16.507,420354140,40.719991,-73.99266,4.843991,False
2022-09-10 01:00:09,40.7199499,-73.9926811,-16.541,420354140,40.719991,-73.99266,4.851421,False
2022-09-10 01:00:10,40.71995,-73.9926814,-16.526,420354140,40.719991,-73.99266,4.849894,False
2022-09-10 01:00:11,40.7199514,-73.9926832,-16.607,420354140,40.719991,-73.992662,4.761446,False
2022-09-10 01:00:12,40.7199529,-73.9926851,-16.501,420354140,40.719992,-73.992664,4.666846,False
2022-09-10 01:00:13,40.7199537,-73.9926868,-16.12,420354140,40.719992,-73.992666,4.637829,False
2022-09-10 01:00:14,40.7199552,-73.99268789999999,-15.769,420354140,40.719993,-73.992667,4.518256,False
2022-09-10 01:00:15,40.7199572,-73.9926904,-15.22,420354140,40.719994,-73.99267,4.391082,False
2022-09-10 01:00:16,40.7199589,-73.992693,-14.595,420354140,40.719994,-73.992673,4.297813,False
2022-09-10 01:00:17,40.7199597,-73.9926941,-14.323,420354140,40.719995,-73.992675,4.250066,False
2022-09-10 01:00:18,40.7199609,-73.99269389999999,-14.418,420354140,40.719995,-73.992675,4.120692,False
2022-09-10 01:00:19,40.7199628,-73.992695,-14.368,420354140,40.719996,-73.992677,3.960075,False
2022-09-10 01:00:20,40.7199643,-73.99269579999999,-14.349,420354140,40.719996,-73.992678,3.831136,False
2022-09-10 01:00:21,40.7199658,-73.9926973,-14.146,420354140,40.719997,-73.99268,3.72405,False
2022-09-10 01:00:22,40.719967,-73.99269819999999,-14.088,420354140,40.719997,-73.992682,3.629016,False
2022-09-10 01:00:23,40.7199675,-73.9926984,-14.146,420354140,40.719997,-73.992682,3.583955,False
2022-09-10 01:00:24,40.7199671,-73.9926984,-14.186,420354140,40.719997,-73.992682,3.625036,False
2022-09-10 01:00:25,40.7199669,-73.9926984,-14.158,420354140,40.719997,-73.992682,3.645604,False
2022-09-10 01:00:26,40.7199661,-73.9926981,-14.041,420354140,40.719997,-73.992682,3.719124,False
2022-09-10 01:00:27,40.7199667,-73.9926983,-13.966,420354140,40.719997,-73.992682,3.663146,False
2022-09-10 01:00:28,40.7199672,-73.9926986,-14.112,420354140,40.719997,-73.992682,3.620981,False
2022-09-10 01:00:29,40.7199674,-73.9926984,-14.184,420354140,40.719997,-73.992682,3.594223,False
2022-09-10 01:00:30,40.7199678,-73.9926986,-14.199,420354140,40.719997,-73.992682,3.559416,False
2022-09-10 01:00:31,40.7199686,-73.9927,-14.455,420354140,40.719998,-73.992684,3.521033,False
2022-09-10 01:00:32,40.719969,-73.9927002,-14.644,420354140,40.719998,-73.992684,3.486234,False
2022-09-10 01:00:33,40.7199679,-73.9927,-14.747,420354140,40.719998,-73.992684,3.593375,False
2022-09-10 01:00:34,40.7199662,-73.99269989999999,-14.663,420354140,40.719998,-73.992684,3.766725,False
2022-09-10 01:00:35,40.7199639,-73.992699,-14.567,420354140,40.719998,-73.992684,3.983646,False
2022-09-10 01:00:36,40.7199625,-73.99269799999999,-14.369,420354140,40.719998,-73.992684,4.108015,False
2022-09-10 01:00:37,40.7199621,-73.99269699999999,-13.725,420354140,40.719998,-73.992684,4.128892,False
2022-09-10 01:00:38,40.7199636,-73.9926954,-13.684,420354140,40.719998,-73.992684,3.935818,False
2022-09-10 01:00:39,40.7199635,-73.99269679999999,-13.642,420354140,40.719998,-73.992684,3.974877,False
2022-09-10 01:00:40,40.7199633,-73.9926998,-13.713,420354140,40.719998,-73.992684,4.067315,False
2022-09-10 01:00:41,40.719965,-73.9927022,-14.099,420354140,40.719998,-73.992684,3.959114,False
2022-09-10 01:00:42,40.7199672,-73.9927103,-14.266,420354140,40.72,-73.992692,3.986226,False
2022-09-10 01:00:43,40.7199702,-73.992722,-14.316,420354140,40.720004,-73.992704,4.043646,False
2022-09-10 01:00:44,40.7199749,-73.99273769999999,-14.532,420354140,40.720009,-73.992719,4.051599,True
2022-09-10 01:00:45,40.7199802,-73.9927596,-14.764,420354140,40.720015,-73.99274,4.215701,False
2022-09-10 01:00:46,40.7199878,-73.9927854,-14.983,420354140,40.720023,-73.992766,4.253755,False
2022-09-10 01:00:47,40.7199927,-73.9928161,-15.164,420354140,40.720032,-73.992795,4.682273,False
2022-09-10 01:00:48,40.7199948,-73.9928477,-15.297,420354140,40.72004,-73.992824,5.426646,False
2022-09-10 01:00:49,40.7199944,-73.9928762,-15.492,46139043,40.720001,-73.992903,2.432221,True
2022-09-10 01:00:50,40.7199933,-73.992899,-15.694,46139043,40.719995,-73.992906,0.651659,False
2022-09-10 01:00:51,40.7199887,-73.9929119,-15.948,46139043,40.719988,-73.992909,0.220472,False
2022-09-10 01:00:52,40.7199855,-73.9929193,-16.231,46139043,40.719983,-73.992911,0.701675,False
2022-09-10 01:00:53,40.7199835,-73.9929228,-16.235,46139043,40.71998,-73.992912,0.912724,False
2022-09-10 01:00:54,40.7199832,-73.9929241,-16.316,46139043,40.71998,-73.992912,1.006177,False
2022-09-10 01:00:55,40.7199823,-73.9929239,-16.289,46139043,40.719979,-73.992913,0.959618,False
2022-09-10 01:00:56,40.7199808,-73.9929231,-16.052,46139043,40.719978,-73.992913,0.844809,False
2022-09-10 01:00:57,40.7199799,-73.992922,-15.751,46139043,40.719977,-73.992913,0.726488,False
2022-09-10 01:00:58,40.7199793,-73.9929203,-15.495,46139043,40.719977,-73.992913,0.570529,False
2022-09-10 01:00:59,40.7199783,-73.9929172,-15.459,46139043,40.719977,-73.992913,0.289335,False
2022-09-10 01:01:00,40.719978,-73.9929161,-15.334,46139043,40.719977,-73.992913,0.191421,False
2022-09-10 01:01:01,40.7199764,-73.99291509999999,-14.94,46139043,40.719976,-73.992914,0.057264,False
2022-09-10 01:01:02,40.7199745,-73.9929136,-14.697,46139043,40.719974,-73.992915,0.126964,False
2022-09-10 01:01:03,40.7199718,-73.99291749999999,-14.622,46139043,40.719971,-73.992916,0.09217,False
2022-09-10 01:01:04,40.7199619,-73.9929342,-14.638,46139043,40.719958,-73.992921,1.087028,False
2022-09-10 01:01:05,40.7199433,-73.9929554,-14.7,46139043,40.719937,-73.992931,2.144784,False
2022-09-10 01:01:06,40.7199211,-73.9929724,-14.98,454031476,40.719913,-73.992941,2.745913,True
2022-09-10 01:01:07,40.7198877,-73.9929946,-15.402,454031476,40.719878,-73.992956,3.344539,False
2022-09-10 01:01:08,40.7198457,-73.993021,-15.621,454031476,40.719834,-73.992975,3.978413,False
2022-09-10 01:01:09,40.7197923,-73.9930467,-15.213,454031476,40.719779,-73.993002,3.980518,True
2022-09-10 01:01:10,40.7197308,-73.9930722,-14.741,454031476,40.719719,-73.993032,3.562229,False
2022-09-10 01:01:11,40.7196644,-73.9930962,-14.696,454031476,40.719655,-73.993064,2.833963,True
2022-09-10 01:01:12,40.7195972,-73.993122,-15.469,454031476,40.71959,-73.993097,2.215271,False
2022-09-10 01:01:13,40.7195269,-73.9931548,-15.899,454031476,40.71952,-73.993132,2.023139,True
2022-09-10 01:01:14,40.7194579,-73.9931914,-16.132,454031476,40.71945,-73.993167,2.179739,False
2022-09-10 01:01:15,40.7193905,-73.9932263,-16.17,454031476,40.719383,-73.993201,2.266022,True
2022-09-10 01:01:16,40.7193301,-73.9932594,-15.752,454031476,40.719322,-73.993231,2.486274,False
2022-09-10 01:01:17,40.7192807,-73.9932863,-15.455,454031476,40.719272,-73.993256,2.652952,True
2022-09-10 01:01:18,40.7192431,-73.9933049,-15.44,454031476,40.719234,-73.993275,2.63298,False
2022-09-10 01:01:19,40.719218,-73.9933193,-15.485,454031476,40.719209,-73.993288,2.775024,False
2022-09-10 01:01:20,40.7192031,-73.9933276,-15.335,454031476,40.719193,-73.993295,2.839901,False
2022-09-10 01:01:21,40.7191955,-73.9933319,-15.46,454031476,40.719186,-73.993299,2.878198,True
2022-09-10 01:01:22,40.7191923,-73.9933343,-15.825,454031476,40.719182,-73.993301,2.940498,False
2022-09-10 01:01:23,40.719192,-73.99333639999999,-15.941,454031476,40.719182,-73.993301,3.093215,False
2022-09-10 01:01:24,40.7191922,-73.99333709999999,-15.968,454031476,40.719182,-73.993301,3.155904,False
2022-09-10 01:01:25,40.719192,-73.9933379,-16.048000000000002,454031476,40.719181,-73.993302,3.210715,False
2022-09-10 01:01:26,40.7191916,-73.9933385,-16.109,454031476,40.719181,-73.993302,3.242003,False
2022-09-10 01:01:27,40.7191922,-73.9933396,-16.388,454031476,40.719181,-73.993302,3.351866,False
2022-09-10 01:01:28,40.7191921,-73.99333969999999,-16.46,454031476,40.719181,-73.993302,3.355682,False
2022-09-10 01:01:29,40.7191911,-73.9933398,-16.36,454031476,40.71918,-73.993302,3.324196,False
2022-09-10 01:01:30,40.7191832,-73.9933461,-16.7,454031476,40.719171,-73.993306,3.507375,False
2022-09-10 01:01:31,40.7191551,-73.99336149999999,-16.92,454031476,40.719143,-73.993321,3.609909,False
2022-09-10 01:01:32,40.719112,-73.9933841,-17.769000000000002,454031476,40.719099,-73.993344,3.610249,True
2022-09-10 01:01:33,40.7190543,-73.9934155,-18.31,454031476,40.719042,-73.993374,3.712087,False
2022-09-10 01:01:34,40.71898,-73.99345509999999,-18.55,454031476,40.718967,-73.993412,3.845032,True
2022-09-10 01:01:35,40.7188973,-73.9935043,-19.131,454031476,40.718882,-73.993455,4.393438,True
2022-09-10 01:01:36,40.7188144,-73.9935608,-20.212,454031476,40.718796,-73.993499,5.504462,True
2022-09-10 01:01:37,40.7187321,-73.9936124,-21.192,454031476,40.718711,-73.993542,6.256411,True
2022-09-10 01:01:38,40.718648,-73.993661,-21.874,454031476,40.718626,-73.993586,6.702106,True
2022-09-10 01:01:39,40.7185634,-73.993708,-22.308,454031476,40.71854,-73.99363,7.002806,True
2022-09-10 01:01:40,40.7184782,-73.9937523,-22.431,454031476,40.718455,-73.993673,7.068544,True
2022-09-10 01:01:41,40.7183971,-73.9937952,-22.41,454031476,40.718373,-73.993715,7.188319,False
2022-09-10 01:01:42,40.7183176,-73.9938367,-22.456,454031476,40.718293,-73.993755,7.262456,True
2022-09-10 01:01:43,40.7182394,-73.9938768,-22.477,454031476,40.718216,-73.993795,7.287794,False
2022-09-10 01:01:44,40.7181595,-73.99391709999999,-22.699,464964299,40.718134,-73.993837,7.242797,True
2022-09-10 01:01:45,40.7180777,-73.9939595,-22.959,464964299,40.718053,-73.99388,7.120854,False
2022-09-10 01:01:46,40.7179931,-73.9940034,-22.902,464964299,40.717969,-73.993925,7.044294,True
2022-09-10 01:01:47,40.7179101,-73.99404659999999,-22.951,464964299,40.717886,-73.993969,6.979311,False
2022-09-10 01:01:48,40.7178309,-73.9940883,-22.892,464964299,40.717807,-73.994011,6.954454,True
2022-09-10 01:01:49,40.7177567,-73.99412889999999,-23.288,464964299,40.717732,-73.99405,7.050326,False
2022-09-10 01:01:50,40.7176847,-73.99416579999999,-23.387,464964299,40.717661,-73.994088,6.949271,True
2022-09-10 01:01:51,40.7176165,-73.9942002,-23.387,464964299,40.717593,-73.994124,6.810591,False
2022-09-10 01:01:52,40.717549,-73.9942325,-23.039,464964299,40.717526,-73.99416,6.537509,True
2022-09-10 01:01:53,40.7174805,-73.9942621,-22.768,464964299,40.71746,-73.994195,6.013245,False
2022-09-10 01:01:54,40.7174123,-73.9942944,-22.9,464964299,40.717393,-73.994231,5.711285,True
2022-09-10 01:01:55,40.7173451,-73.9943268,-23.031,464964299,40.717326,-73.994266,5.458352,False
2022-09-10 01:01:56,40.7172802,-73.9943589,-23.197,464964299,40.717262,-73.9943,5.27697,True
2022-09-10 01:01:57,40.7172181,-73.99439319999999,-23.357,464964299,40.717199,-73.994333,5.382148,False
2022-09-10 01:01:58,40.7171639,-73.9944249,-23.528,464964299,40.717144,-73.994362,5.611055,True
2022-09-10 01:01:59,40.7171258,-73.994447,-23.457,464964299,40.717106,-73.994383,5.757694,False
2022-09-10 01:02:00,40.7171068,-73.9944563,-22.928,464964299,40.717087,-73.994393,5.697009,False
2022-09-10 01:02:01,40.7171028,-73.9944574,-22.664,464964299,40.717083,-73.994395,5.61753,False
2022-09-10 01:02:02,40.7171004,-73.9944561,-22.381,464964299,40.717082,-73.994396,5.417449,False
2022-09-10 01:02:03,40.7170987,-73.9944591,-22.546,464964299,40.717079,-73.994397,5.580578,False
2022-09-10 01:02:04,40.7170986,-73.9944605,-22.617,464964299,40.717079,-73.994397,5.685306,False
2022-09-10 01:02:05,40.7170973,-73.99446,-22.579,464964299,40.717078,-73.994398,5.592803,False
2022-09-10 01:02:06,40.7170941,-73.99445899999999,-22.176,464964299,40.717075,-73.994399,5.383046,False
2022-09-10 01:02:07,40.7170927,-73.9944582,-22.303,464964299,40.717074,-73.994399,5.263092,False
2022-09-10 01:02:08,40.7170909,-73.99445829999999,-22.141,464964299,40.717073,-73.9944,5.196615,False
2022-09-10 01:02:09,40.7170889,-73.9944584,-21.905,464964299,40.717071,-73.994401,5.121887,False
2022-09-10 01:02:10,40.717088,-73.9944585,-21.872,464964299,40.71707,-73.994402,5.092535,False
2022-09-10 01:02:11,40.717087,-73.99445949999999,-21.943,464964299,40.717069,-73.994402,5.129036,False
2022-09-10 01:02:12,40.7170803,-73.9944644,-22.073,464964299,40.717062,-73.994406,5.233636,False
2022-09-10 01:02:13,40.7170636,-73.99448009999999,-22.361,464964299,40.717039,-73.994419,5.79796,True
2022-09-10 01:02:14,40.7170462,-73.9945034,-22.521,464964299,40.717022,-73.994428,6.829808,False
2022-09-10 01:02:15,40.7170363,-73.99453989999999,-22.897,464964299,40.717004,-73.994438,9.226519,False
2022-09-10 01:02:16,40.7170346,-73.9945872,-23.208,5671339,40.717008,-73.994553,4.106618,False
2022-09-10 01:02:17,40.7170445,-73.9946406,-23.482,5671339,40.717036,-73.994644,0.974057,True
2022-09-10 01:02:18,40.7170626,-73.9947083,-23.415,5671339,40.717056,-73.994711,0.691468,False
2022-09-10 01:02:19,40.7170906,-73.9947766,-24.053,5671339,40.717078,-73.994782,1.403975,True
2022-09-10 01:02:20,40.7171142,-73.9948472,-24.277,5671339,40.7171,-73.994854,1.593217,False
2022-09-10 01:02:21,40.7171355,-73.994896,-24.176,5671339,40.717116,-73.994906,2.234855,True
2022-09-10 01:02:22,40.7171509,-73.994924,-24.193,5671339,40.717126,-73.994937,2.928593,False
2022-09-10 01:02:23,40.7171581,-73.9949329,-24.014,5671339,40.717129,-73.994948,3.385198,False
2022-09-10 01:02:24,40.7171581,-73.994935,-23.507,5671339,40.71713,-73.994949,3.318925,False
2022-09-10 01:02:25,40.7171563,-73.9949355,-23.03,5671339,40.71713,-73.994949,3.118985,False
2022-09-10 01:02:26,40.7171547,-73.9949362,-22.516,5671339,40.71713,-73.994949,2.933201,False
2022-09-10 01:02:27,40.7171525,-73.99493749999999,-22.094,5671339,40.71713,-73.994949,2.666721,False
2022-09-10 01:02:28,40.7171499,-73.9949398,-21.577,5671339,40.71713,-73.99495,2.327538,False
2022-09-10 01:02:29,40.717148,-73.9949414,-21.384,5671339,40.71713,-73.99495,2.082432,False
2022-09-10 01:02:30,40.7171478,-73.9949419,-21.375,5671339,40.71713,-73.994951,2.046167,False
2022-09-10 01:02:31,40.7171481,-73.9949424,-21.375,5671339,40.71713,-73.994951,2.061116,False
2022-09-10 01:02:32,40.7171469,-73.9949444,-21.303,5671339,40.717131,-73.994952,1.875086,False
2022-09-10 01:02:33,40.7171486,-73.9949501,-21.346,5671339,40.717132,-73.994958,1.869328,False
2022-09-10 01:02:34,40.7171514,-73.99496189999999,-21.379,5671339,40.717136,-73.994969,1.783732,False
2022-09-10 01:02:35,40.7171561,-73.9949724,-21.286,5671339,40.717139,-73.994981,1.933774,False
2022-09-10 01:02:36,40.7171594,-73.99499569999999,-21.413,5671339,40.717146,-73.995002,1.536466,False
2022-09-10 01:02:37,40.7171695,-73.9950217,-21.768,5671339,40.717154,-73.995029,1.750456,True
2022-09-10 01:02:38,40.7171775,-73.9950527,-21.955,5671339,40.717164,-73.995059,1.591555,False
2022-09-10 01:02:39,40.7171827,-73.9950838,-22.142,5671339,40.717173,-73.995088,1.142702,False
2022-09-10 01:02:40,40.7171884,-73.99510959999999,-22.359,5671339,40.71718,-73.995113,0.912323,False
2022-09-10 01:02:41,40.7171957,-73.9951272,-22.498,5671339,40.717186,-73.995132,1.10461,False
2022-09-10 01:02:42,40.717204,-73.995144,-22.587,5671339,40.717192,-73.99515,1.424571,True
2022-09-10 01:02:43,40.717207,-73.99516249999999,-22.117,5671339,40.717197,-73.995167,1.148017,False
2022-09-10 01:02:44,40.7172143,-73.9951746,-21.889,5671339,40.717201,-73.995181,1.513877,False
2022-09-10 01:02:45,40.7172191,-73.9951885,-21.753,5671339,40.717205,-73.995195,1.566862,False
2022-09-10 01:02:46,40.717224,-73.995206,-21.779,5671339,40.717211,-73.995212,1.516479,False
2022-09-10 01:02:47,40.7172258,-73.9952326,-21.676,5671339,40.717218,-73.995236,0.861386,False
2022-09-10 01:02:48,40.7172313,-73.9952619,-21.489,5671339,40.717227,-73.995264,0.500067,True
2022-09-10 01:02:49,40.7172401,-73.9953013,-21.288,5671339,40.717238,-73.995301,0.141676,False
2022-09-10 01:02:50,40.7172533,-73.9953424,-20.724,5671339,40.717252,-73.995342,0.121813,False
2022-09-10 01:02:51,40.7172594,-73.9953827,-19.938,5671339,40.717264,-73.995379,0.59274,True
2022-09-10 01:02:52,40.7172602,-73.9954192,-19.219,5671339,40.717274,-73.995411,1.719833,False
2022-09-10 01:02:53,40.717244,-73.9954514,-18.308,675967321,40.717243,-73.995449,0.18821,False
2022-09-10 01:02:54,40.7172146,-73.9954788,-17.532,420355081,40.71721,-73.995468,0.930302,False
2022-09-10 01:02:55,40.7171752,-73.99549929999999,-16.882,420355081,40.717172,-73.995492,0.614518,True
2022-09-10 01:02:56,40.7171237,-73.99552369999999,-16.767,420355081,40.717123,-73.995523,0.020377,False
2022-09-10 01:02:57,40.7170632,-73.9955528,-16.768,420355081,40.717065,-73.995559,0.64459,True
2022-09-10 01:02:58,40.717003,-73.9955899,-16.428,420355081,40.717005,-73.995597,0.689662,False
2022-09-10 01:02:59,40.7169428,-73.9956227,-15.629,420355081,40.716946,-73.995634,1.060285,True
2022-09-10 01:03:00,40.7168916,-73.995655,-15.381,420355081,40.716895,-73.995666,1.042101,False
2022-09-10 01:03:01,40.71685,-73.9956833,-14.891,420355081,40.716853,-73.995692,0.871649,True
2022-09-10 01:03:02,40.7168169,-73.99570609999999,-14.214,420355081,40.716819,-73.995713,0.714641,False
2022-09-10 01:03:03,40.7167936,-73.9957201,-14.099,420355081,40.716796,-73.995728,0.759288,False
2022-09-10 01:03:04,40.7167786,-73.9957301,-14.025,420355081,40.716781,-73.995737,0.713297,True
